,Amnat Charoen,Ang Thong,Phra Nakhon Si Ayutthaya,Bangkok,Bueng Kan,Buriram,Chonburi,Chachoengsao,Chiang Mai,Chai Nat,Chaiyaphum,Chumphon,Chiang Rai,Chanthaburi,Krabi,Khon Kaen,Kamphaeng Phet,Kanchanaburi,Kalasin,Loei Province,Lampang,Lamphun,Lopburi Province,Mukdahan,Maha Sarakham,Mae Hong Son,Nan,Nonthaburi,Nong Bua Lam Phu,Nong Khai,Nakhon Ratchasima,Nakhon Phanom,Nakhon Pathom,Nakhon Si Thammarat,Nakhon Sawan,Narathiwat,Nakhon Nayok,Phetchaburi,Phichit,Prachuap Khiri Khan,Phuket,Phatthalung,Phitsanulok,Phang Nga,Phetchabun,Phrae,Prachinburi,Pathum Thani,Pattani,Phayao,Ratchaburi,Roi Et,Ranong,Rayong,Sing Buri,Songkhla,Samut Songkhram,Samut Sakhon,Sa Kaeo,Surat Thani,Sakon Nakhon,Suphan Buri,Samut Prakan,Saraburi,Surin,Sisaket,Sukhothai,Satun,Tak,Trang,Trat,Ubon Ratchathani,Udon Thani,Uttaradit,Uthai Thani,Yala,Yasothon
Amnat Charoen,0.0,0.000685400959561,0.000436723602484,0.000303317980304,0.00718954248366,0.00149164677804,0.00131570165988,0.00340814630091,8.46351556619e-05,0.0008745080892,0.00479671082686,0.00082135523614,0.000102932094227,0.00159306133286,0.00378583017847,0.00112636150398,0.0,0.00067035361153,0.00288961664419,0.00632271117855,0.000184935668807,0.00074794315632,0.000848896434635,0.0475866757308,0.000735018976854,0.0,0.0,0.000475456914094,0.00245851259988,0.00044528884403,0.00116387820846,0.00258843830889,0.000528019467848,0.0,0.000178348492955,0.0,0.00025075225677,0.00087302770266,0.000331564986737,0.0017215744581,8.50701829009e-05,0.0,0.00100825508854,0.000420256356377,0.00105429625725,0.000470019472235,0.000645161290323,0.000460633548296,0.0,0.000350385423966,0.0003004958181,0.00572388002747,0.00134498991258,0.0011687494381,0.00319744204636,0.000329392819237,0.00322380657161,0.00208630723619,0.00243562978427,0.0,0.00238606537819,0.000442135514535,0.000381454205151,0.000924689201685,0.00501059934477,0.00297034954649,0.000529661016949,0.0,0.0,0.0,0.000753806723956,0.00584630375138,0.000430772349483,0.00122339124052,0.0,0.0,0.0316831683168
Ang Thong,0.000685400959561,0.0,0.0326207595425,0.00152735072095,0.00128990648178,0.00267149258876,0.00575585729248,0.0175373134328,0.000996232029081,0.0285638013881,0.00184811827957,0.00907944514502,0.000625436350943,0.0152912430047,0.00274943483839,0.000490106683687,0.0061919504644,0.0122128676853,0.00251739967422,0.00105130361648,0.00189280991521,0.006217237596,0.0367515049108,0.000644537544312,0.000366401025923,0.00166147455867,0.00232414006817,0.00789125920332,0.0,0.000482296867907,0.00325859736853,0.00322997416021,0.00837595765116,0.002849002849,0.00776951828987,0.00118659151587,0.00804589138047,0.00544457095539,0.0139442231076,0.0102264698226,0.00219815355102,0.000250312891114,0.00663436021691,0.00126642393541,0.00626167197627,0.00765040700165,0.00549894873039,0.00862365117815,0.0,0.00371057513915,0.00207609115489,0.00190294957184,0.00196914998359,0.0119295266398,0.133555926544,0.00110864745011,0.0132227935775,0.0177075399848,0.00248082995038,0.0015202011343,0.00160804020101,0.0503661191371,0.00343665222497,0.0240942028986,0.001329394387,0.000831052014079,0.00470189956743,0.00171722953635,0.00526711813394,0.00231107002542,0.00860796851943,0.000525157547264,0.000438735466888,0.0101803893552,0.0218806980985,0.00142775556825,0.00082304526749
Phra Nakhon Si Ayutthaya,0.000436723602484,0.0326207595425,0.0,0.0244140811505,0.00191098209966,0.014687360338,0.0807124051879,0.112231571285,0.012771206178,0.0338089634206,0.00757782632441,0.017432075018,0.00799385705035,0.0579665220087,0.0141769055429,0.00851002567404,0.0151521729692,0.0500963041029,0.00994623655914,0.00379813241003,0.0125347091439,0.0116220971911,0.0988060178527,0.000483103456605,0.00340118210751,0.00225371747212,0.00588486332293,0.0922244220447,0.000626762770291,0.00366934933843,0.0469522177218,0.0064874884152,0.0496660839381,0.00760565243271,0.040216356989,0.000263928211526,0.0694762464674,0.0577049499647,0.0136827677474,0.0871117161689,0.0149707789609,0.00420098260271,0.0295214533639,0.00717492836353,0.0260877083018,0.0171008411163,0.0215875200734,0.177116711856,0.00147296398365,0.0128936716359,0.0204671260371,0.00664061017721,0.0061536216374,0.0618304829919,0.0853133961491,0.0113762903663,0.0614019560119,0.0617267901636,0.0157979759586,0.0144733953012,0.004619418203,0.0986146350226,0.0458492117525,0.184078652222,0.00953724225939,0.00523246866504,0.0093639453423,0.00433419402435,0.0207813421662,0.00494804552202,0.017588379419,0.00701228852504,0.00543519574306,0.00955136152822,0.0242500666877,0.00461216940114,0.000978030104244
Bangkok,0.000303317980304,0.00152735072095,0.0244140811505,0.0,0.00206621280481,0.0225809935297,0.373247717336,0.160665057501,0.085261729299,0.0227445488413,0.00705264663565,0.0170762515662,0.0313784614477,0.0609715576528,0.0134815124477,0.04554248195,0.0215291606549,0.0860710494651,0.00525761384572,0.00898684501391,0.0345705540491,0.0213630916436,0.051242473934,0.00290452528063,0.00976898163087,0.00473744090803,0.00990524900602,0.775979318094,0.00150380227977,0.0149497604943,0.126537301691,0.0159609408019,0.192095293941,0.0173586731813,0.0481641027057,0.00138433197807,0.0669033547345,0.167646867643,0.0173880778651,0.174851054841,0.0283640859709,0.00260530290317,0.0363862791547,0.00753441315648,0.0259683301787,0.0161301860703,0.0257604137569,0.458588086491,0.00222381045854,0.0106386729571,0.0744229555417,0.023658797099,0.00245584310143,0.101608686308,0.0421832960497,0.0245201833344,0.109471917671,0.11298224099,0.0170533586429,0.0262344158293,0.0163074662789,0.0570040625445,0.852734962143,0.101722485232,0.0165646442115,0.00880153695871,0.00948599589877,0.00409728039971,0.0213151173252,0.00479681221312,0.0226819932521,0.0252131412286,0.0260110167049,0.0111571945018,0.00793895164671,0.00904870723702,0.00395849214227
Bueng Kan,0.00718954248366,0.00128990648178,0.00191098209966,0.00206621280481,0.0,0.000487757291972,0.000951384264104,0.00171638741316,4.00555436872e-05,0.000404367165386,0.0024054231358,0.0,2.93670663035e-05,0.0002608922515,0.000133058346085,0.00544616673649,0.0,0.000940213483767,0.0103073463268,0.00879583746283,2.6350808311e-05,0.000582156891282,0.000948991696323,0.00174114915844,0.00106683736064,0.0,0.000983284169125,0.00113985010971,0.00331491712707,0.014004428751,0.00135897755094,0.0127829002515,0.00070879824401,0.0,0.000132661183338,0.0,0.000823587547356,0.000254361235348,0.0,0.00174811591951,4.2201215395e-05,0.0,0.000124470998257,0.000202224469161,0.00115800308801,0.0,0.00331812525923,0.00268564641648,0.0,8.61771802827e-05,0.000423792192252,0.00104876769795,0.0,0.000623802521944,0.000371195248701,7.26876249319e-05,0.000241721053904,0.000752364574377,0.00065274151436,0.000254032770227,0.0174170616114,0.00086692674469,0.000574294963992,0.00618285019258,0.000926784059314,0.000471574534975,0.00126326427489,0.0,0.000188679245283,0.000338180588434,0.000586596275114,0.000305285250906,0.0142681804234,0.000701918577445,0.00236406619385,0.0,0.00265134776845
Buriram,0.00149164677804,0.00267149258876,0.014687360338,0.0225809935297,0.000487757291972,0.0,0.0139875725455,0.0445751042766,0.00268268251054,0.00972655533125,0.0487843889955,0.00188662294493,0.00124514910661,0.0330565726368,0.00349218517099,0.0182017096951,0.00405457587849,0.0122405534859,0.0105989110708,0.0053666184274,0.00338697026597,0.0137536193735,0.0149539418591,0.0132384904169,0.0221928762701,0.00108686564669,0.00398053958425,0.0112372515777,0.00193685841565,0.00191331049959,0.0476157236593,0.00549285176825,0.00757167077682,0.00220522362346,0.00835248794069,0.00276269410308,0.010652853792,0.00985953783416,0.00350697117441,0.0189133016627,0.00174069814429,0.000628366247756,0.0113052415211,0.00118870728083,0.0294748800808,0.0051074696744,0.0266492588895,0.011683991684,0.0010929957191,0.00293883243674,0.00294735974278,0.0165768945022,0.00127563536454,0.0150686277721,0.00717810677434,0.00222426112826,0.0292748652621,0.0187871174052,0.0203255609327,0.00897606382979,0.00499060591827,0.0176423416199,0.00817214011907,0.0617845020998,0.102318588273,0.0200132929621,0.00369566963927,0.00137273901809,0.00239165096391,0.000609702987545,0.0138677937001,0.00939113921119,0.00364423897878,0.00573268415266,0.0038981053395,0.000469351356425,0.00887518684604
Chonburi,0.00131570165988,0.00575585729248,0.0807124051879,0.373247717336,0.000951384264104,0.0139875725455,0.0,0.23612905982,0.0260497922457,0.0191895193482,0.0238268926511,0.00680336657526,0.0161174769917,0.095950209209,0.00848366235534,0.0350440162438,0.0144335761869,0.0504116737367,0.00563432318847,0.0131054699908,0.0193545820808,0.0174243332196,0.0527494027127,0.00511105803678,0.0164115467157,0.00507576042411,0.0080870542139,0.139222487647,0.00194108243891,0.0093832893683,0.0694803146238,0.00454431635861,0.0697571359036,0.00702638573386,0.0390570282051,0.000388850425364,0.035895690188,0.0594286357148,0.0117595736206,0.0577343206644,0.0152469446241,0.00164264068651,0.0278114495482,0.0055456636249,0.0223179830203,0.01412968174,0.0503238568049,0.128700953572,0.00102989530972,0.0113446633508,0.0364973512897,0.0161050480456,0.00118057010111,0.168468125771,0.031555119449,0.00717317095673,0.0525027075387,0.0569048556062,0.0151099424565,0.0145588523098,0.00600527818172,0.04140874739,0.180586126659,0.0791900198879,0.0172177016283,0.012087785062,0.009811753428,0.00245583236843,0.0139341970361,0.00266581260185,0.0197842225448,0.0154953608707,0.0152698284361,0.0158944143295,0.0122874519052,0.00201138519924,0.00255014978575
Chachoengsao,0.00340814630091,0.0175373134328,0.112231571285,0.160665057501,0.00171638741316,0.0445751042766,0.23612905982,0.0,0.00416647100759,0.023937007874,0.0117143048397,0.0262172284644,0.00256892016534,0.0777283177616,0.00721040189125,0.00706493506494,0.0180461565157,0.0339123839792,0.0060663507109,0.00300800343772,0.00592397756104,0.0182530860586,0.0379206566347,0.00220786654673,0.00272945586599,0.00337473971422,0.0099573257468,0.0311496553258,0.00439310120404,0.00477321569958,0.0149603238559,0.0118553645525,0.0296002730583,0.0118042813456,0.0183410138249,0.000399329127067,0.0527244036016,0.0251860535337,0.019374953604,0.0377471711053,0.00715042372881,0.00159987810453,0.0181818181818,0.00265630061548,0.0230752039334,0.00779006176968,0.0823297415311,0.0259016203032,0.000847457627119,0.00558786116664,0.0109756340923,0.0161180573275,0.0015592942142,0.0714935360229,0.0407649327143,0.00586913417052,0.0535574229692,0.0416316673667,0.0307808946171,0.0186441334935,0.00971848095917,0.0371497533844,0.0303635478454,0.0611577964519,0.0252944583897,0.00206339004837,0.00645833333333,0.00362394591958,0.0393933425251,0.00357142857143,0.0288746590774,0.00300330701222,0.00587139049757,0.0136226725082,0.00871846308155,0.0100542610916,0.00352830484554
Chiang Mai,8.46351556619e-05,0.000996232029081,0.012771206178,0.085261729299,4.00555436872e-05,0.00268268251054,0.0260497922457,0.00416647100759,0.0,0.0115628982178,0.00488853953225,0.00563009851558,0.160197295106,0.0223682431991,0.0168547246634,0.0220585806128,0.0508375473362,0.0198151320938,0.0030747335963,0.00982234145745,0.230746423542,0.338383779566,0.0189246667929,0.00159133458144,0.00568237417962,0.0433822885609,0.0251545186883,0.0688505806989,0.00100195046357,0.00679672158135,0.0238778132781,0.00127464683492,0.0246739527111,0.0093937483745,0.062075646315,0.00044470731588,0.0119215159692,0.0328559522262,0.00875068573799,0.041599845911,0.015462389672,0.00379111490816,0.0478509589041,0.0042033282958,0.0160631252642,0.0616267609717,0.0078661776482,0.0600056769798,0.00127918132395,0.0522075743371,0.0135446441642,0.00536856792812,0.000472078347191,0.0350851296239,0.0224223779772,0.00973503767036,0.0182517106851,0.0153205960389,0.00211473665544,0.0141983779352,0.00219865829907,0.0211524338492,0.0775088156942,0.0195640658585,0.00266503925115,0.00619349475216,0.0222298298641,0.00360576391316,0.0501058055019,0.00439672801636,0.00888172770019,0.0047236435348,0.0104726545217,0.0327060545055,0.00650278053004,0.00160631490892,0.00175231047028
Chai Nat,0.0008745080892,0.0285638013881,0.0338089634206,0.0227445488413,0.000404367165386,0.00972655533125,0.0191895193482,0.023937007874,0.0115628982178,0.0,0.00376506024096,0.00267777447188,0.000869628763519,0.00964312206379,0.000507195840994,0.000436230053955,0.0141374837873,0.00453067533714,0.00212210251388,0.0011259993244,0.00146334452618,0.00726744186047,0.0270572450805,0.00243111831442,0.000237473284256,0.0019120458891,0.00343760742523,0.00499919520532,0.00195388823759,0.000404390525708,0.0027936992289,0.00197486535009,0.00424120739053,0.000740082889284,0.0310210925779,0.0,0.0034225264468,0.00374806315172,0.0340314136126,0.00805379326065,0.000573042446073,0.000297265160523,0.0100900900901,0.00105485232068,0.00565970993987,0.00380396880746,0.00521864315278,0.00534131440477,0.000311720698254,0.00463565387118,0.00203451318757,0.00127722983041,0.000826446280992,0.0100988116485,0.133311389072,0.000389325405252,0.00894454382826,0.0108531805849,0.00315623356128,0.00377220734972,0.0005359056806,0.0383775351014,0.00217042942048,0.0153129161119,0.00556100752372,0.000504235578862,0.00533504054631,0.000649913344887,0.0144222706691,0.00108049702863,0.00357900318134,0.000251993901748,0.000445588672146,0.0108630054315,0.115176151762,0.00139275766017,0.000995355009954
Chaiyaphum,0.00479671082686,0.00184811827957,0.00757782632441,0.00705264663565,0.0024054231358,0.0487843889955,0.0238268926511,0.0117143048397,0.00488853953225,0.00376506024096,0.0,0.003663003663,0.000366858967903,0.0111251936347,0.00184791130026,0.0167912148,0.00181616385834,0.0057109948649,0.00855850348453,0.0106568672485,0.00180622511671,0.00807871569135,0.0246734397678,0.00526315789474,0.00377416820167,0.00350318471338,0.00773424622797,0.00626504680194,0.0160869565217,0.00451078487657,0.0161857630723,0.00313029868267,0.00307645970483,0.00373387644263,0.00457431286723,0.000412201154163,0.00549303322615,0.00429434310597,0.0274669379451,0.00724357396533,0.00113100848256,0.00109709270433,0.00664787533904,0.00372990353698,0.0322111186572,0.0021223122033,0.0128981310871,0.00522620904836,0.00377429703718,0.00221744854826,0.00170099729705,0.0104653335825,0.00198982975901,0.0128430823398,0.0109229929001,0.00112059589335,0.0134716912434,0.00962415996018,0.00474898236092,0.00291042362833,0.00394736842105,0.00783333333333,0.00328511151296,0.0228818305464,0.008056640625,0.00738837134597,0.00486152032999,0.00163739208098,0.00319685233001,0.00172235618326,0.0101210350584,0.000982595772382,0.00870555305169,0.00365733577156,0.00352963031767,0.00180831826401,0.00726915520629
Chumphon,0.00082135523614,0.00907944514502,0.017432075018,0.0170762515662,0.0,0.00188662294493,0.00680336657526,0.0262172284644,0.00563009851558,0.00267777447188,0.003663003663,0.0,0.00101483558203,0.00396793262612,0.00714466363177,0.00115832329835,0.00352689255574,0.0072652065546,0.0186325340246,0.00601001669449,0.00071668708139,0.00608493008804,0.00679538345378,0.000381533765738,0.000157994522857,0.00393245431413,0.000501420691961,0.00568633387579,0.00184706316956,0.000287587714253,0.00213958751222,0.00756243404854,0.00694397474918,0.0296572280179,0.00392809871483,0.00103842159917,0.011708149182,0.00959519610313,0.00441176470588,0.0295956166075,0.00408279916711,0.0341477774507,0.00206721398618,0.0225800805181,0.00801579925651,0.00131578947368,0.0120014119308,0.00382969732185,0.00569203115638,0.00232520846697,0.00411170121638,0.00344827586207,0.107281344248,0.00763721090784,0.0067283431455,0.00648246546227,0.029058678335,0.0168360231122,0.00151668351871,0.0375218150087,0.000844327176781,0.00745749229392,0.00222466592004,0.0081974848626,0.00687669918439,5.00275151333e-05,0.00309661436829,0.00336771206062,0.00421325555015,0.028556178276,0.00285825646356,0.00164979094252,0.00205044591023,0.00563763608087,0.00203903291582,0.00298507462687,0.00063231109706
Chiang Rai,0.000102932094227,0.000625436350943,0.00799385705035,0.0313784614477,2.93670663035e-05,0.00124514910661,0.0161174769917,0.00256892016534,0.160197295106,0.000869628763519,0.000366858967903,0.00101483558203,0.0,0.0184807936486,0.00575802827891,0.0177953488801,0.0127274158123,0.0119041303021,0.00082283326536,0.00265729349736,0.100707869225,0.05187963211,0.0230781895361,5.87358575068e-05,0.00572566711461,0.0114692186411,0.016621386378,0.0642738303867,0.000631354843446,0.00373783861122,0.014304907927,0.000394936199852,0.0252676019073,0.00256889637357,0.0635408486555,0.00101215317251,0.00509273856361,0.0323559495397,0.0267486950037,0.0368626030251,0.00993449363452,0.000153194096921,0.100025572645,0.00191859963784,0.00942258297975,0.0911067179259,0.00322592259226,0.0512082463022,0.00122826770387,0.306568167996,0.00399606717993,0.00297810852797,0.0006540751084,0.0419939316279,0.0455155173465,0.00728719766213,0.0127623047346,0.020046818472,0.00918568734914,0.00427821785487,0.000727435510044,0.0195581850685,0.0600329499832,0.0112531073842,0.00271672902958,0.00233649434477,0.0132021896315,0.00201335477049,0.0127732334466,0.00318964132958,0.00536448624728,0.00385765761522,0.00562430345831,0.0837563848233,0.00461143695015,0.000549297631429,0.000482851457333
Chanthaburi,0.00159306133286,0.0152912430047,0.0579665220087,0.0609715576528,0.0002608922515,0.0330565726368,0.095950209209,0.0777283177616,0.0223682431991,0.00964312206379,0.0111251936347,0.00396793262612,0.0184807936486,0.0,0.00502329349808,0.00656207809606,0.0165942553705,0.0267044826697,0.00951810436635,0.00969177889221,0.0055513825642,0.0129577807519,0.0309033280507,0.00340225071971,0.00356031841785,0.00364409353173,0.00772776572668,0.0302989640921,0.00940438871473,0.00441683919945,0.0149032861698,0.00529865125241,0.0256886709321,0.00669472073451,0.0145004697776,0.000935294617805,0.0235250186706,0.0194713388335,0.010826388348,0.0289922166604,0.00601087969224,0.00210236920838,0.0136083767991,0.00635723562786,0.0137421329176,0.00411971404338,0.0393286394993,0.0215360319175,0.00352632442185,0.00730236502403,0.0116557204249,0.0071820318621,0.000874125874126,0.134126174308,0.034508502696,0.0059071047095,0.0467961728037,0.0439181798294,0.0447445493004,0.00969107234682,0.00558567438804,0.0255691013054,0.0200906299671,0.0392425760852,0.0128136679124,0.00434858236215,0.0068889703188,0.00619332006193,0.0110649141631,0.00394197414065,0.0904611746157,0.00323385907183,0.00766314759711,0.00644560624508,0.0141587092526,0.00168293503871,0.00525788683025
Krabi,0.00378583017847,0.00274943483839,0.0141769055429,0.0134815124477,0.000133058346085,0.00349218517099,0.00848366235534,0.00721040189125,0.0168547246634,0.000507195840994,0.00184791130026,0.00714466363177,0.00575802827891,0.00502329349808,0.0,0.00546563807795,0.00463419443897,0.0105869481272,0.00370390251758,0.00332101595023,0.00201058082198,0.00748801916933,0.0179766864847,0.000532445923461,0.000804040587063,0.018421692607,0.00245204882302,0.00877014073017,0.000330731578251,0.000784629739588,0.00382945665585,0.00138007176373,0.00732452037629,0.0159331124783,0.00413685152057,0.00262071676604,0.00275709953129,0.00890564023882,0.00444146994403,0.015534081463,0.117101886792,0.0258987243912,0.0055450966969,0.0832640949555,0.00557913308855,0.00271940667491,0.00160079487746,0.00654406496298,0.0067679734389,0.00249496981891,0.00811198309689,0.00169014084507,0.00341594105827,0.00644435064021,0.00445671960329,0.0444927721632,0.0120035635579,0.0083816317432,0.00410891696308,0.0581187866429,0.00150953753259,0.0037848428177,0.0110687794037,0.0106133101348,0.00182081079634,0.00015434004198,0.00717326646061,0.0278226530246,0.0051315291957,0.0745193895752,0.00831496694049,0.000565869371232,0.00263088162925,0.00359568517779,0.00183289091139,0.00253312548714,0.00122131516359
Khon Kaen,0.00112636150398,0.000490106683687,0.00851002567404,0.04554248195,0.00544616673649,0.0182017096951,0.0350440162438,0.00706493506494,0.0220585806128,0.000436230053955,0.0167912148,0.00115832329835,0.0177953488801,0.00656207809606,0.00546563807795,0.0,0.0106523607041,0.0179275370932,0.11862533224,0.0950566304861,0.00692920298489,0.00978359180252,0.0221080594525,0.0260673356689,0.19315516649,0.000874592519394,0.00394806008209,0.0572421848926,0.0270019948703,0.0823937554206,0.132584115158,0.0286623837817,0.022472894012,0.00860832137733,0.0109108382878,0.000196184782985,0.0154052665247,0.0312108983984,0.00808755205286,0.0525909550037,0.00669763121226,0.00556400331767,0.0288503763315,0.00619751201329,0.0438164698444,0.00802303844794,0.0216632045107,0.0494930254522,0.000195137629422,0.005062947575,0.008223803792,0.160311035364,0.000196916518979,0.0447422057088,0.0128329971482,0.00586352510826,0.0269923873292,0.0156807227614,0.00378679541008,0.00865792169703,0.0314770779185,0.0145084101246,0.0391522908962,0.0707405688674,0.0160287863919,0.0487230537561,0.00444217802708,0.000395435544006,0.00707386141052,0.000479506793013,0.0169158099472,0.061363089861,0.23982929164,0.0105426990673,0.00747363435793,0.000714779801706,0.0395155312179
Kamphaeng Phet,0.0,0.0061919504644,0.0151521729692,0.0215291606549,0.0,0.00405457587849,0.0144335761869,0.0180461565157,0.0508375473362,0.0141374837873,0.00181616385834,0.00352689255574,0.0127274158123,0.0165942553705,0.00463419443897,0.0106523607041,0.0,0.00544690341396,0.000559179869525,0.00372079178449,0.00975627943973,0.0221664575491,0.0414053645637,0.000424448217317,0.000584824428241,0.00250941028858,0.00607404550713,0.00907550161282,0.000419111483655,0.00150617788216,0.0065905834692,0.000983477576711,0.00814944062404,0.00176397953784,0.0737270562937,0.000954458685574,0.00517033377377,0.0111637217539,0.0472981252298,0.0147658007106,0.00175916663792,0.00150943396226,0.0900437748142,0.00409796077666,0.0171251452925,0.00789343857918,0.00295479168719,0.00962153041137,0.00826659777835,0.0110348941247,0.00147547842939,0.00278730703259,0.00501145475372,0.0117912511828,0.154343144293,0.000883257698048,0.00948640035574,0.00714678394722,0.00190589636689,0.00490663109756,0.000862068965517,0.0210784313725,0.00291618931425,0.0369364475828,0.000745087082053,0.000327452826327,0.036641051342,0.000434216239687,0.0660925295414,0.00108512177478,0.00205879930824,0.000142904777783,0.00153531218014,0.0158361486486,0.0634942032893,0.00187692720204,0.000525624178712
Kanchanaburi,0.00067035361153,0.0122128676853,0.0500963041029,0.0860710494651,0.000940213483767,0.0122405534859,0.0504116737367,0.0339123839792,0.0198151320938,0.00453067533714,0.0057109948649,0.0072652065546,0.0119041303021,0.0267044826697,0.0105869481272,0.0179275370932,0.00544690341396,0.0,0.00647458724506,0.0100115359262,0.00708329695276,0.0151971701821,0.0326313160743,0.00527689829473,0.0039415465355,0.00839651926111,0.00571696344892,0.057683621708,0.00380815718307,0.00719453295657,0.0194684991376,0.00350196393924,0.129137642928,0.00797010086455,0.0154972131062,0.00114460129721,0.0240907622159,0.0527004422067,0.00534155110426,0.0665064507969,0.00779697678513,0.00248125857882,0.0133691509964,0.00457094387635,0.0111357642232,0.00643076529306,0.0161939440399,0.0332976923813,0.00122275385433,0.00452407453951,0.0834292069336,0.00683980631836,0.00227714523743,0.032631243019,0.0165813606313,0.00658226686849,0.0925047648597,0.0494422424713,0.00856119960567,0.0137280272667,0.00232922372595,0.0840741681483,0.0331632776655,0.0319808507299,0.00819634174577,0.00223245824738,0.00663333498342,0.00441599682445,0.0134673836801,0.00405152711407,0.0133688671414,0.00178191096771,0.00849440305223,0.00785825849278,0.00745632722625,0.00135317997294,0.00279735327344
Kalasin,0.00288961664419,0.00251739967422,0.00994623655914,0.00525761384572,0.0103073463268,0.0105989110708,0.00563432318847,0.0060663507109,0.0030747335963,0.00212210251388,0.00855850348453,0.0186325340246,0.00082283326536,0.00951810436635,0.00370390251758,0.11862533224,0.000559179869525,0.00647458724506,0.0,0.0221606648199,0.000477819132884,0.00314076330066,0.0148415227235,0.068159302556,0.0359741575547,0.00154973231896,0.00125800548948,0.00433737602564,0.00550357732526,0.00269692923899,0.00967429861335,0.0358361774744,0.00158371518466,0.00093080980453,0.00416459710389,0.00106100795756,0.0113171355499,0.00555632452099,0.000582835494682,0.010152284264,0.00403640099809,0.0007965588657,0.00330452465684,0.00314538676608,0.00925844281809,0.00466162996303,0.00532040671554,0.00505150469437,0.000163265306122,0.0034170061769,0.0020362870936,0.0675192777882,0.00131282820705,0.00907791555607,0.0251450676983,0.00279787747226,0.0162553191489,0.00823620823621,0.00089219330855,0.000618461062722,0.0314867822866,0.00655379574003,0.00332204305648,0.0407350689127,0.00287642438323,0.00180473633242,0.00315623356128,0.00897041103227,0.00290827740492,0.00105804111245,0.00258101519931,0.00127738780277,0.0146587050697,0.00468058191018,0.0165356908972,0.000172651933702,0.0122824974411
Loei Province,0.00632271117855,0.00105130361648,0.00379813241003,0.00898684501391,0.00879583746283,0.0053666184274,0.0131054699908,0.00300800343772,0.00982234145745,0.0011259993244,0.0106568672485,0.00601001669449,0.00265729349736,0.00969177889221,0.00332101595023,0.0950566304861,0.00372079178449,0.0100115359262,0.0221606648199,0.0,0.00444151597237,0.0197161488301,0.0593310989089,0.0215782210513,0.0124624139559,0.00437971073538,0.0174182139699,0.0150237384145,0.0612271203919,0.0127399738667,0.0118639236463,0.00698174006445,0.0145970644131,0.00942017216177,0.0132263130344,0.000237783854476,0.0158652005033,0.0125802795618,0.00386140680442,0.0249196397314,0.0114873035067,0.00310903841883,0.0348842560633,0.0251714182606,0.121484992101,0.0144366861672,0.0201214538204,0.0102254673292,0.000901916572717,0.00513106525376,0.00280063768366,0.0219053523455,0.00198142414861,0.0142972564724,0.0431597023469,0.00473737194291,0.0306537598204,0.0232921275211,0.00551373131163,0.0126541799909,0.0267569971943,0.0250147338092,0.00644084914254,0.0401578310953,0.0134648370497,0.0024362450391,0.00855033035367,0.0046875,0.00531914893617,0.0017095843573,0.00968504537482,0.00308984126235,0.0376249662253,0.0282692307692,0.00145283862316,0.00175849941383,0.00672229949003
Lampang,0.000184935668807,0.00189280991521,0.0125347091439,0.0345705540491,2.6350808311e-05,0.00338697026597,0.0193545820808,0.00592397756104,0.230746423542,0.00146334452618,0.00180622511671,0.00071668708139,0.100707869225,0.0055513825642,0.00201058082198,0.00692920298489,0.00975627943973,0.00708329695276,0.000477819132884,0.00444151597237,0.0,0.488521579431,0.0137683916015,0.000250388761498,0.006168761124,0.0324558719855,0.0148647956571,0.0451109002974,0.000421279900999,0.00286769619125,0.00412941176471,0.00030385900942,0.0189549711442,0.00287651016784,0.139520372965,0.000157565094079,0.00384901623331,0.0263774366781,0.0116888720369,0.0373375949525,0.00272524230068,0.000130238858066,0.0491042884877,0.00111345893488,0.0165085271318,0.0715872120244,0.00215618380833,0.0652455809086,0.000143556280587,0.0783426358928,0.0208262632397,0.00116656754655,0.000976575387661,0.0501880148673,0.0859798824593,0.00202983662771,0.0171350324443,0.00589177922094,0.00739494483136,0.00431097063849,0.000459358831778,0.0525844227954,0.0310473241558,0.00963997166833,0.00052808268266,0.000278841307122,0.052576278036,0.00153992249057,0.155275169346,0.00038908991868,0.0306138029316,0.0017043145378,0.00411911020163,0.0607355327204,0.000900195694716,0.000327748498912,0.000209347359606
Lamphun,0.00074794315632,0.006217237596,0.0116220971911,0.0213630916436,0.000582156891282,0.0137536193735,0.0174243332196,0.0182530860586,0.338383779566,0.00726744186047,0.00807871569135,0.00608493008804,0.05187963211,0.0129577807519,0.00748801916933,0.00978359180252,0.0221664575491,0.0151971701821,0.00314076330066,0.0197161488301,0.488521579431,0.0,0.0213485679922,0.000727802037846,0.000810959177563,0.0170434370931,0.0160762131587,0.00707850121619,0.00201409869084,0.00110279031596,0.00217830565275,0.00110319927791,0.00785000515092,0.00179500987255,0.0235936002359,0.000139977603583,0.0049956433343,0.00733298689301,0.0079662039831,0.00781860828772,0.00145813081516,0.000386448537936,0.0221098265896,0.000991571641051,0.0078727882142,0.0155081555834,0.00392038600724,0.00626180469295,0.000789058390321,0.0171817133143,0.00219118656072,0.00124398290876,0.000586596275114,0.00821737701326,0.0256276150628,0.000888562061464,0.0255920550038,0.00893106335473,0.00256285086649,0.00311990016319,0.000655642165076,0.0223880597015,0.00315308605194,0.00917062721735,0.00161412837068,0.000536524969047,0.0130072262368,0.00861008610086,0.0471991181481,0.00383853392769,0.00360466091039,0.00038206218062,0.0057677633646,0.0382200682895,0.00365296803653,0.000962861072902,0.00229698689366
Lopburi Province,0.000848896434635,0.0367515049108,0.0988060178527,0.051242473934,0.000948991696323,0.0149539418591,0.0527494027127,0.0379206566347,0.0189246667929,0.0270572450805,0.0246734397678,0.00679538345378,0.0230781895361,0.0309033280507,0.0179766864847,0.0221080594525,0.0414053645637,0.0326313160743,0.0148415227235,0.0593310989089,0.0137683916015,0.0213485679922,0.0,0.000830269244455,0.0014449805295,0.00425195293187,0.00665301944729,0.0183580408401,0.00270429159318,0.0010602884971,0.0113241186094,0.0014746703678,0.0163079586865,0.00418244949495,0.0188279431688,0.000689496667433,0.0229934924078,0.00800403942176,0.0156746235017,0.0150862068966,0.00755442165601,0.00107307651036,0.0143365983972,0.0047401534086,0.0235169491525,0.00595347978586,0.0113835376532,0.0203496045025,0.00043625259025,0.00361624020602,0.00413719185423,0.0062152273069,0.00167224080268,0.0166602767418,0.101264340904,0.00284190788703,0.0241202596515,0.0173333333333,0.0136844287788,0.0112551773816,0.00255570117955,0.0379433778067,0.00929038143114,0.189094547274,0.00614720053165,0.00275888867301,0.00983823668527,0.00236787270316,0.00670409787983,0.00446660434195,0.0146176911544,0.00156070313783,0.00252912820735,0.00862781092244,0.0172546433674,0.00135931128228,0.00335158082896
Mukdahan,0.0475866757308,0.000644537544312,0.000483103456605,0.00290452528063,0.00174114915844,0.0132384904169,0.00511105803678,0.00220786654673,0.00159133458144,0.00243111831442,0.00526315789474,0.000381533765738,5.87358575068e-05,0.00340225071971,0.000532445923461,0.0260673356689,0.000424448217317,0.00527689829473,0.068159302556,0.0215782210513,0.000250388761498,0.000727802037846,0.000830269244455,0.0,0.00344873679989,0.00116279069767,0.000393081761006,0.00132056470767,0.00331491712707,0.000442856721089,0.00216989555431,0.0333547145606,0.000754561668267,0.000832223701731,0.000442340867873,0.0,0.00255754475703,0.00125185656694,0.000625,0.0026439597185,4.2201215395e-05,0.0,0.00143328971147,0.000404530744337,0.00128683567108,0.000265234400902,0.00311009744972,0.000902471178433,0.000813338755592,0.000172369214858,0.00064829821718,0.0145004555117,0.0011961722488,0.00115911016005,0.0,7.26876249319e-05,0.00546713643543,0.00409791868867,0.0016334531199,0.000381097560976,0.0105919736378,0.00347674923946,0.000899852058221,0.00465539925109,0.00204119502691,0.00336311087756,0.000504922999243,0.000516929439132,0.000944108761329,0.0,0.00132081009686,0.00341963226193,0.00118629950276,0.000936110461034,0.00157480314961,0.000940733772342,0.0427389705882
Maha Sarakham,0.000735018976854,0.000366401025923,0.00340118210751,0.00976898163087,0.00106683736064,0.0221928762701,0.0164115467157,0.00272945586599,0.00568237417962,0.000237473284256,0.00377416820167,0.000157994522857,0.00572566711461,0.00356031841785,0.000804040587063,0.19315516649,0.000584824428241,0.0039415465355,0.0359741575547,0.0124624139559,0.006168761124,0.000810959177563,0.0014449805295,0.00344873679989,0.0,0.00031265469894,0.00173699805865,0.0312837171195,0.0193126644425,0.0244387121429,0.133321324206,0.0210678926883,0.0103965350635,0.000870267134172,0.00553279332712,1.32736902186e-05,0.0199957049798,0.0288692178337,0.00133434499359,0.0333903217063,0.00168256327677,7.89962213474e-05,0.0273580678149,0.0044649730562,0.0543396324504,0.00337002155906,0.0337714542618,0.0321603923457,5.27711447381e-05,0.00476674867525,0.00354641290505,0.370093546552,0.000306695291561,0.0714693151696,0.00951938396176,0.000764025321982,0.0336364327145,0.0218329274173,0.0125495288957,0.00323180001126,0.0222851652671,0.00448855964675,0.0200600972428,0.0837519847984,0.0162880743418,0.0115340001313,0.00778276059863,9.06665285081e-05,0.00391901552288,2.6213006894e-05,0.00336687694002,0.023551359069,0.0708004851425,0.0178339605817,0.00488631698823,6.62558802094e-05,0.0312465902891
Mae Hong Son,0.0,0.00166147455867,0.00225371747212,0.00473744090803,0.0,0.00108686564669,0.00507576042411,0.00337473971422,0.0433822885609,0.0019120458891,0.00350318471338,0.00393245431413,0.0114692186411,0.00364409353173,0.018421692607,0.000874592519394,0.00250941028858,0.00839651926111,0.00154973231896,0.00437971073538,0.0324558719855,0.0170434370931,0.00425195293187,0.00116279069767,0.00031265469894,0.0,0.0114396077849,0.00397409340994,0.00198468953785,0.00123734533183,0.00102910009782,0.00137572607765,0.00432776170814,0.00246369294606,0.00375350602211,0.00432666306111,0.00296478414925,0.00476630713919,0.00346726493983,0.0082847611716,0.00418823343475,0.000230733733272,0.0105669810249,0.00847457627119,0.005291565245,0.00809935205184,0.00321346595256,0.00274166368343,0.00191800527451,0.00444813027744,0.00186732422015,0.000796336850488,0.00266036062666,0.00620161491717,0.00707439525331,0.00137009761946,0.0135902636917,0.0131361381591,0.0014653548252,0.00796306982112,0.00165241057543,0.00791313949209,0.00236719242902,0.0188101487314,0.00281769512539,0.000528820729773,0.0159155937053,0.00395185917011,0.0154803240741,0.00107043459645,0.00659988214496,0.000336113531682,0.00200963657054,0.0136963138316,0.00282352941176,0.00654278984559,0.00352378555248
Nan,0.0,0.00232414006817,0.00588486332293,0.00990524900602,0.000983284169125,0.00398053958425,0.0080870542139,0.0099573257468,0.0251545186883,0.00343760742523,0.00773424622797,0.000501420691961,0.016621386378,0.00772776572668,0.00245204882302,0.00394806008209,0.00607404550713,0.00571696344892,0.00125800548948,0.0174182139699,0.0148647956571,0.0160762131587,0.00665301944729,0.000393081761006,0.00173699805865,0.0114396077849,0.0,0.00794224495848,0.00212807119365,0.00180189871716,0.00323393827396,0.000976920258884,0.00619115731944,0.00320958596341,0.0109338521401,0.000186601977981,0.0274816237335,0.00546958908469,0.0186161960906,0.00945356326615,0.00337411939192,0.00100418410042,0.038141025641,0.00447238003143,0.032613731122,0.0708108421847,0.00724548692128,0.00603679074186,0.00206433855152,0.0181607944497,0.00353006321813,0.00522836538462,0.00578957875824,0.0076487804878,0.0172934855608,0.00207677580556,0.021411021411,0.0140811264901,0.00218204488778,0.0058941164088,0.00453895940153,0.0112359550562,0.00516033170693,0.0381160665469,0.00828347906121,0.000891345039665,0.0139773041794,0.00611875956056,0.00861366546386,0.00668789808917,0.00463510848126,0.000732216296694,0.00265635194333,0.0778671180702,0.0116438356164,0.0023726957474,0.00356315695706
Nonthaburi,0.000475456914094,0.00789125920332,0.0922244220447,0.775979318094,0.00113985010971,0.0112372515777,0.139222487647,0.0311496553258,0.0688505806989,0.00499919520532,0.00626504680194,0.00568633387579,0.0642738303867,0.0302989640921,0.00877014073017,0.0572421848926,0.00907550161282,0.057683621708,0.00433737602564,0.0150237384145,0.0451109002974,0.00707850121619,0.0183580408401,0.00132056470767,0.0312837171195,0.00397409340994,0.00794224495848,0.0,0.00277579732877,0.0169369982109,0.0819057295101,0.0171264658736,0.243982079125,0.018828315855,0.0450498162921,0.00151648705773,0.0616710206701,0.137999185311,0.0243549438331,0.159332294521,0.0243196294152,0.00177191328935,0.0373383233274,0.00747604604354,0.0249025233576,0.0176614250825,0.0300639820774,0.302195392978,0.00225699526881,0.0103953019546,0.0640964925263,0.0190693462436,0.0021404109589,0.0934563234733,0.0572110128218,0.0208309016349,0.107563690329,0.113594921987,0.0153148097064,0.0238250372936,0.0149175466512,0.089594009052,0.171467437908,0.11174398121,0.0151994638768,0.00473867709885,0.00775237346217,0.00259173627685,0.0229807367354,0.00566831403026,0.0279754761041,0.0145580820729,0.0224481061417,0.0111845926148,0.0115521609112,0.0122950035402,0.00282084776888
Nong Bua Lam Phu,0.00245851259988,0.0,0.000626762770291,0.00150380227977,0.00331491712707,0.00193685841565,0.00194108243891,0.00439310120404,0.00100195046357,0.00195388823759,0.0160869565217,0.00184706316956,0.000631354843446,0.00940438871473,0.000330731578251,0.0270019948703,0.000419111483655,0.00380815718307,0.00550357732526,0.0612271203919,0.000421279900999,0.00201409869084,0.00270429159318,0.00331491712707,0.0193126644425,0.00198468953785,0.00212807119365,0.00277579732877,0.0,0.00345550665997,0.00151340817448,0.00654262931916,0.000730176839703,0.000491803278689,0.000616930330939,0.0,0.000735714869615,0.00103747618039,0.00121654501217,0.00170324778384,0.000252302258105,0.0,0.0032282095853,0.000794912559618,0.00806864754098,0.000725402268531,0.002849002849,0.000724810621127,0.00117739403454,0.000513303105484,0.000746435769202,0.00545590433483,0.00284252416146,0.00119893428064,0.00432744320231,0.000108679901464,0.00492492492492,0.000958262350937,0.00413617562838,0.000884620245166,0.00358547305112,0.000643776824034,0.000446977315901,0.00220110055028,0.000729128691214,0.00125260960334,0.00272142503711,0.000757958564932,0.000556792873051,0.0,0.000868683943825,0.000304936153993,0.0184184235469,0.00390804597701,0.00190186382655,0.00135440180587,0.0163722533391
Nong Khai,0.00044528884403,0.000482296867907,0.00366934933843,0.0149497604943,0.014004428751,0.00191331049959,0.0093832893683,0.00477321569958,0.00679672158135,0.000404390525708,0.00451078487657,0.000287587714253,0.00373783861122,0.00441683919945,0.000784629739588,0.0823937554206,0.00150617788216,0.00719453295657,0.00269692923899,0.0127399738667,0.00286769619125,0.00110279031596,0.0010602884971,0.000442856721089,0.0244387121429,0.00123734533183,0.00180189871716,0.0169369982109,0.00345550665997,0.0,0.0368117436633,0.0158446836555,0.014822636264,0.00133781018834,0.00109655134602,0.000117123448114,0.0123597815906,0.00416350291066,0.000537588772883,0.0125814737799,0.00465844095111,5.75125808771e-05,0.00851054931727,0.00430346171543,0.00703444102668,0.00195109537039,0.0317057527676,0.0283989155748,0.000202230311435,0.000846139773143,0.00280209185867,0.00563311831758,0.000236504464022,0.020058644454,0.0240025853458,0.000872117400419,0.00953712488141,0.012277875415,0.000369181836254,0.00123299408581,0.0308649783692,0.0135892852771,0.0110357735636,0.0401097271649,0.000479463001438,0.00150458213651,0.00124729752204,0.000222080337562,0.000454011323577,0.0,0.0053383536208,0.00153666760072,0.648292638149,0.00142916036828,0.00043241373346,0.000437662299769,0.000959413885336
Nakhon Ratchasima,0.00116387820846,0.00325859736853,0.0469522177218,0.126537301691,0.00135897755094,0.0476157236593,0.0694803146238,0.0149603238559,0.0238778132781,0.0027936992289,0.0161857630723,0.00213958751222,0.014304907927,0.0149032861698,0.00382945665585,0.132584115158,0.0065905834692,0.0194684991376,0.00967429861335,0.0118639236463,0.00412941176471,0.00217830565275,0.0113241186094,0.00216989555431,0.133321324206,0.00102910009782,0.00323393827396,0.0819057295101,0.00151340817448,0.0368117436633,0.0,0.0100258502712,0.0359062535043,0.0064592131141,0.0182988170812,0.000268675532959,0.0257804632427,0.0434610070843,0.00750465185612,0.0499151103565,0.008064653339,0.00121274409044,0.0296341010401,0.00271419524111,0.0223745976061,0.00890594586654,0.0907150363429,0.128352344878,0.000164531188944,0.00277065741858,0.0135584817505,0.0247460967106,0.000487410295765,0.0507271700852,0.0217564451897,0.00461578895496,0.03690849831,0.0284190250407,0.0120577863724,0.0071974562914,0.00732686386843,0.0316116173685,0.0537616150522,0.281076452599,0.0323720623538,0.0105406052863,0.0137855287874,0.00153266816212,0.0053530717392,0.00155726536007,0.0266087483584,0.0142630744849,0.0247759419583,0.0110928554663,0.00706585835178,0.00127058240192,0.00349419013356
