,Amnat Charoen,Ang Thong,Phra Nakhon Si Ayutthaya,Bangkok,Bueng Kan,Buriram,Chonburi,Chachoengsao,Chiang Mai,Chai Nat,Chaiyaphum,Chumphon,Chiang Rai,Chanthaburi,Krabi,Khon Kaen,Kamphaeng Phet,Kanchanaburi,Kalasin,Loei Province,Lampang,Lamphun,Lopburi Province,Mukdahan,Maha Sarakham,Mae Hong Son,Nan,Nonthaburi,Nong Bua Lam Phu,Nong Khai,Nakhon Ratchasima,Nakhon Phanom,Nakhon Pathom,Nakhon Si Thammarat,Nakhon Sawan,Narathiwat,Nakhon Nayok,Phetchaburi,Phichit,Prachuap Khiri Khan,Phuket,Phatthalung,Phitsanulok,Phang Nga,Phetchabun,Phrae,Prachinburi,Pathum Thani,Pattani,Phayao,Ratchaburi,Roi Et,Ranong,Rayong,Sing Buri,Songkhla,Samut Songkhram,Samut Sakhon,Sa Kaeo,Surat Thani,Sakon Nakhon,Suphan Buri,Samut Prakan,Saraburi,Surin,Sisaket,Sukhothai,Satun,Tak,Trang,Trat,Ubon Ratchathani,Udon Thani,Uttaradit,Uthai Thani,Yala,Yasothon
Amnat Charoen,0.0,0.00202634245187,0.00132255694342,0.0011026798021,0.00862068965517,0.00492307692308,0.00177794126663,0.00319233838787,0.000552355401247,0.00130208333333,0.00327510917031,0.00158227848101,0.000568828213879,0.000985545335085,0.0,0.00560173473076,0.0,0.00210249671485,0.0101351351351,0.0083081570997,0.000995355009954,0.00137457044674,0.00179748352307,0.0385395537525,0.00665965650193,0.0,0.0,0.00137120470127,0.00268096514745,0.00423131170663,0.00400427122264,0.0181347150259,0.000989609104404,0.0,0.000884173297966,0.0,0.000777907429016,0.00133089336217,0.00263504611331,0.00143701101708,0.000229726625316,0.0,0.0004,0.000819000819001,0.00216356555604,0.00222057735011,0.00142348754448,0.00104108828429,0.0,0.000694444444444,0.00153806716227,0.0148698884758,0.00316455696203,0.00112258643916,0.00172117039587,0.000245037980887,0.000770712909441,0.000337837837838,0.00255427841635,0.0,0.00982532751092,0.00137174211248,0.00142483970553,0.00212314225053,0.00770077007701,0.0141843971631,0.00116686114352,0.0,0.0,0.0,0.000768639508071,0.0308988764045,0.00236326806212,0.00232288037166,0.0,0.0,0.0365853658537
Ang Thong,0.00202634245187,0.0,0.0570379782578,0.00950504230903,0.00293829578844,0.00742682394059,0.0136439466158,0.0213743966904,0.00564844103028,0.0426608821403,0.00378310214376,0.00693909020817,0.0074500507958,0.0150068212824,0.00234301780694,0.00467063939443,0.0218934911243,0.0151618013125,0.00319488817891,0.00500500500501,0.0117905127502,0.0099573257468,0.037610619469,0.00253807106599,0.00510348738305,0.00287976961843,0.00451612903226,0.017478072963,0.0,0.00382958353279,0.0117283950617,0.00482093663912,0.0169393201067,0.00721587492483,0.0337909186906,0.001287001287,0.0175548589342,0.0145542753184,0.020640569395,0.0147574517826,0.00199322304166,0.000868055555556,0.0173076923077,0.00211528291909,0.0115059221658,0.0150225338007,0.00921882581271,0.0244994910078,0.0,0.0143953934741,0.00992282249173,0.00741473059812,0.00303951367781,0.0156342766673,0.0882701421801,0.00253004427577,0.0142679900744,0.0187832912812,0.00482425913163,0.00488102501525,0.00313873195229,0.0521866960676,0.0135205408216,0.0257535850161,0.00379027163613,0.00220628792057,0.00856389986825,0.00348675034868,0.0155595451825,0.00369276218612,0.00816743236345,0.00305725403002,0.00330578512397,0.0192435301924,0.0282258064516,0.00179051029543,0.00339270568278
Phra Nakhon Si Ayutthaya,0.00132255694342,0.0570379782578,0.0,0.0729034916935,0.00190169689877,0.0187946372635,0.0789946140036,0.0602994321115,0.0381076106961,0.0256880733945,0.00980258679374,0.00891341256367,0.0256968641115,0.0375,0.0125275606334,0.0269879107781,0.0228904239469,0.0439404677534,0.00845492976953,0.0109705730511,0.0295390608093,0.0173935285842,0.0533780299123,0.00314825414997,0.0151679306609,0.00501253132832,0.00736899563319,0.0979583626672,0.00174927113703,0.00878645103782,0.0789595197784,0.00635534678088,0.0659750127859,0.00603621730382,0.0516082573212,0.00122083559414,0.043483262395,0.0564652261985,0.0152447552448,0.0620425815037,0.0140160717623,0.00143513203215,0.0360349988487,0.0071754729289,0.0266744321491,0.0193431130728,0.0177674777907,0.137567288348,0.00100300902708,0.0131444614599,0.0356325271225,0.0128816179312,0.00220588235294,0.0460143198091,0.058872305141,0.00829124178023,0.0402607800526,0.0483209575529,0.0105453031775,0.0150267141585,0.00337929170046,0.0511796733212,0.0803088446068,0.0913557141186,0.0110459566344,0.00764767932489,0.0128046261875,0.00386954118297,0.0170362358031,0.0041934582052,0.0132501948558,0.013536742587,0.0140317052271,0.0148903901834,0.0150107219442,0.00158661474109,0.00429922613929
Bangkok,0.0011026798021,0.00950504230903,0.0729034916935,0.0,0.00111663790478,0.0100986884634,0.151885872216,0.043720019015,0.0654209278877,0.00636112036863,0.00531530750787,0.00494382022472,0.0272222222222,0.0300262783785,0.0159087076283,0.0282659575941,0.00698886690829,0.0401893966569,0.00383760856393,0.0080624262144,0.0171511256756,0.00771518469032,0.0156780089217,0.00220152658488,0.0103926912269,0.00450124471719,0.00614677041451,0.183399532381,0.00124690087138,0.00646022653861,0.0592118979776,0.00401786359498,0.0905849598,0.00628158844765,0.0185485607638,0.00132423640499,0.0288337977736,0.0660444672774,0.00505101671612,0.0696091442271,0.0193579902303,0.00183961990845,0.0168416541676,0.00618927671824,0.0151270356443,0.00790064471563,0.0108891613182,0.164373581416,0.00149128395205,0.00635754366327,0.0382310453824,0.00711687490115,0.00162582743003,0.0430231729055,0.0119087287215,0.0121150582802,0.029507344339,0.0351234594657,0.00602444534554,0.0161173100765,0.00357554786621,0.0220642314293,0.198008710143,0.0296150191483,0.00521389988157,0.00542836573074,0.00526186449253,0.00297502996693,0.00659927797834,0.00345725444814,0.0109786926688,0.0152099339438,0.0142830853729,0.00555218183396,0.00443613273605,0.00118759685432,0.00231773209914
Bueng Kan,0.00862068965517,0.00293829578844,0.00190169689877,0.00111663790478,0.0,0.00240384615385,0.00171285251116,0.0018425901553,0.000472106381305,0.00124533001245,0.00315457413249,0.0,0.000376647834275,0.000649350649351,0.000549752611325,0.00900900900901,0.0,0.00130106687484,0.00865800865801,0.0133136094675,0.000655737704918,0.00134228187919,0.00176056338028,0.0073664825046,0.0051867219917,0.0,0.00218102508179,0.00182493645311,0.004914004914,0.0428877769836,0.00358565737052,0.0275344180225,0.00184911242604,0.0,0.00130662020906,0.0,0.00192086054552,0.000661157024793,0.0,0.000952229804793,0.0,0.0,0.000394477317554,0.0,0.00213128729753,0.0,0.00208478109798,0.001662740751,0.0,0.000677966101695,0.00127000254001,0.00358422939068,0.0,0.000890868596882,0.000834724540902,0.000242954324587,0.000760456273764,0.0016716817118,0.001221001221,0.00113079532605,0.038961038961,0.00270392068499,0.000651195832347,0.00279818118223,0.00210748155954,0.00340425531915,0.00337078651685,0.0,0.00189214758751,0.00138888888889,0.00149812734082,0.0023616734143,0.0224642614023,0.00223214285714,0.00473186119874,0.0,0.00553505535055
Buriram,0.00492307692308,0.00742682394059,0.0187946372635,0.0100986884634,0.00240384615385,0.0,0.0150617993676,0.0184147317854,0.00734077006117,0.00578592092575,0.0200729927007,0.0025706940874,0.00656388337658,0.0212965129885,0.00244399185336,0.029468960359,0.00807823129252,0.0102402520677,0.0155963302752,0.0118275467379,0.00908032596042,0.00946142649199,0.0104800540906,0.0121748754842,0.0366245978718,0.00196753566158,0.00870760769936,0.014560740831,0.00237107291049,0.00846210448859,0.0571701949528,0.00911708253359,0.0121557659208,0.00346170488966,0.00958556526642,0.00090991810737,0.0143415906128,0.0121412803532,0.00532172230285,0.0136236142647,0.00389449460081,0.00111420612813,0.0132696390658,0.00197316495659,0.0114142538976,0.00754432289702,0.022138836773,0.0158115521136,0.00166481687014,0.00473588342441,0.00791047655798,0.027980068992,0.00245398773006,0.0172595984502,0.00771730300569,0.00353159851301,0.00980392156863,0.0120652945351,0.0238675109596,0.00510464522716,0.00718778077269,0.0100806451613,0.0119643850863,0.0313199105145,0.0850340136054,0.0397127165188,0.00787766450417,0.001924001924,0.00342906129447,0.00300450676014,0.0135448916409,0.0406165891852,0.0101343389111,0.00553505535055,0.00418628990058,0.00113571834185,0.0212409167132
Chonburi,0.00177794126663,0.0136439466158,0.0789946140036,0.151885872216,0.00171285251116,0.0150617993676,0.0,0.102355627332,0.046750784042,0.0108957380207,0.00719296159791,0.00476535167089,0.0278421154217,0.0593234460923,0.00754542654758,0.0319789674952,0.0105325443787,0.0402202412166,0.00654333472131,0.0111253494874,0.0215676806696,0.0105208393549,0.0238963142973,0.00303287637996,0.0141147426609,0.00419815281276,0.00672819291456,0.117724631999,0.00201649862511,0.00943014174139,0.0660086925027,0.00562335486959,0.0764629737089,0.00537348686153,0.0251695722854,0.000828745634286,0.0339133818869,0.0555981227852,0.00683822206226,0.057484348321,0.0135283000099,0.00224691807858,0.0217307374111,0.00536318059928,0.0203627461889,0.0110542238771,0.0245092276948,0.121684350133,0.000909256228405,0.00895436164067,0.0358609219895,0.0105183635518,0.00128676470588,0.0981664164701,0.0183067717282,0.00781954887218,0.032377889893,0.0385099283409,0.0114326975149,0.0110623068163,0.00450423753926,0.0265456799865,0.148904956513,0.0402162519998,0.0079133694294,0.00709802311257,0.00757982691734,0.00310670330983,0.010371599597,0.00294099993998,0.0179190411844,0.0179865771812,0.0177365770014,0.00854037267081,0.00605107103957,0.00121580547112,0.00333758116391
Chachoengsao,0.00319233838787,0.0213743966904,0.0602994321115,0.043720019015,0.0018425901553,0.0184147317854,0.102355627332,0.0,0.018109540636,0.0148966842864,0.0106284658041,0.00739280433711,0.0180715868019,0.0734687138848,0.00512528473804,0.0208239022182,0.013714028777,0.0363610437758,0.00834105653383,0.00969645868465,0.0192125984252,0.0115321252059,0.0272490482869,0.00532184490623,0.0108643553283,0.00384707862467,0.0083662561004,0.0648872265669,0.00235602094241,0.00805785123967,0.0441358318273,0.00736342042755,0.0532700903037,0.00745931283906,0.031007751938,0.000922934933087,0.0461645262062,0.045926253036,0.0144369586141,0.0438935393861,0.00540749324063,0.00178207739308,0.0224892703863,0.00386349001932,0.0196113074205,0.0132743362832,0.0480707048933,0.066388308977,0.001015486164,0.0117792932424,0.0310924369748,0.0111181036291,0.00239170874302,0.0860436393578,0.034490481523,0.00748563026333,0.036301369863,0.0420659412051,0.0306271268838,0.00997340425532,0.00550964187328,0.0331259150805,0.0781432360743,0.0495826377295,0.0115713955103,0.00744797371303,0.00912494150679,0.00452165635412,0.0133484162896,0.00485319097306,0.0227907976779,0.0138007614213,0.0116535433071,0.0110044486069,0.00719960278054,0.00179763739086,0.00557950798884
Chiang Mai,0.000552355401247,0.00564844103028,0.0381076106961,0.0654209278877,0.000472106381305,0.00734077006117,0.046750784042,0.018109540636,0.0,0.00937668126969,0.00415784699123,0.00424972956266,0.120775095299,0.0179668406103,0.0241790661878,0.0197360937322,0.0231813329266,0.0228896617136,0.00310136157337,0.00772399588054,0.114403709607,0.0853620229307,0.0114578078835,0.0020233463035,0.0066067653277,0.0288590076276,0.0172771250864,0.048130770395,0.00133637292666,0.00649682458574,0.0256330909278,0.00343380389164,0.0303732433385,0.00488685061274,0.0333427521899,0.00120928123347,0.0126093146227,0.0310729710023,0.00883935434281,0.034069470647,0.0192038041822,0.00116922597241,0.0340150250417,0.0065940579388,0.0180305131761,0.0357897916037,0.00628425283157,0.0434325334995,0.00148055793657,0.0340049434499,0.0166833291677,0.00483056429774,0.00134238787113,0.0254800365742,0.0128781072177,0.00932858721002,0.0150620801954,0.0153713642086,0.00374045801527,0.0188332880065,0.00400423088546,0.0160569673276,0.0531018084876,0.0148934749215,0.0030969106428,0.00267220902613,0.016217047114,0.00359244821524,0.0264509698689,0.00415512465374,0.0090821826774,0.00757326308857,0.0134840372794,0.0191863153028,0.00371574547144,0.00195541650372,0.00171179582944
Chai Nat,0.00130208333333,0.0426608821403,0.0256880733945,0.00636112036863,0.00124533001245,0.00578592092575,0.0108957380207,0.0148966842864,0.00937668126969,0.0,0.00734214390602,0.00555555555556,0.00969162995595,0.0109763142692,0.00148075024679,0.00350175087544,0.044352044352,0.0101823348331,0.00521221146687,0.00280426247897,0.0245054620608,0.0213903743316,0.0236030828516,0.0031185031185,0.00271411338963,0.0068669527897,0.013646702047,0.0119856428663,0.00242424242424,0.00428036383093,0.00859997470596,0.00405186385737,0.0116017521013,0.00275671950379,0.0829015544041,0.000749063670412,0.0117017719826,0.0128325508607,0.0402742073693,0.0114302902692,0.00208463623098,0.00107296137339,0.0321453529001,0.00299401197605,0.0128017556693,0.0197516930023,0.00922409115572,0.0145263588624,0.0,0.0182795698925,0.0104287369641,0.00553097345133,0.00130039011704,0.0125747268604,0.0816053511706,0.0017671747294,0.0119442601194,0.0160714285714,0.00814332247557,0.0032637075718,0.00218181818182,0.0417816318486,0.00908826099621,0.0189205955335,0.00735835172921,0.00251098556183,0.0107941403238,0.00164338537387,0.0328671328671,0.00352422907489,0.00630733944954,0.00266272189349,0.00381343502493,0.0233281493002,0.0656565656566,0.00334821428571,0.00208116545265
Chaiyaphum,0.00327510917031,0.00378310214376,0.00980258679374,0.00531530750787,0.00315457413249,0.0200729927007,0.00719296159791,0.0106284658041,0.00415784699123,0.00734214390602,0.0,0.00733496332518,0.00289953948491,0.00968188105118,0.00214336746844,0.0376850605653,0.00485142510612,0.00661043993618,0.0155721056195,0.0237717908082,0.00667408231368,0.00733496332518,0.0178970917226,0.00813743218807,0.0175695461201,0.00608365019011,0.00472972972973,0.00688566013898,0.0113871635611,0.0150225338007,0.0324015247776,0.0101818181818,0.0054347826087,0.00626959247649,0.00844178684488,0.00134770889488,0.00953591862683,0.00607718018839,0.00738552437223,0.00673597891346,0.00121187638861,0.00370713623726,0.0104166666667,0.0038503850385,0.0181374258807,0.00668724279835,0.0100502512563,0.0099475735986,0.00183654729109,0.00491642084562,0.00534997770843,0.0144329896907,0.00108813928183,0.0124,0.00798630918426,0.0019247219846,0.00502512562814,0.00592718035563,0.00725689404935,0.0031113876789,0.00924702774108,0.00721240533718,0.00650996658601,0.0192878338279,0.0174146014735,0.0133410672854,0.00897790055249,0.0029304029304,0.00556242274413,0.00389408099688,0.0068710359408,0.00970042796006,0.0127587184576,0.00756013745704,0.00500417014178,0.00286806883365,0.0108991825613
Chumphon,0.00158227848101,0.00693909020817,0.00891341256367,0.00494382022472,0.0,0.0025706940874,0.00476535167089,0.00739280433711,0.00424972956266,0.00555555555556,0.00733496332518,0.0,0.00503054257995,0.00748727163822,0.00978372811535,0.00495472407312,0.00513196480938,0.00780868716447,0.00746887966805,0.00793166564979,0.00542822677925,0.00509915014164,0.00606980273141,0.0012077294686,0.00157035175879,0.00679611650485,0.00166805671393,0.00772548767141,0.00436046511628,0.00345821325648,0.00680708964809,0.00822669104205,0.00948379351741,0.0394011032309,0.00780944943381,0.00250626566416,0.00978336827393,0.0168512277323,0.00936329588015,0.0256849315068,0.00950940133996,0.0244215938303,0.00606926097822,0.0198807157058,0.00997314921366,0.00541516245487,0.004662004662,0.0068306010929,0.0113065326633,0.00514579759863,0.00931899641577,0.0035799522673,0.046204620462,0.00695762175838,0.00748299319728,0.0126611418048,0.0178134823612,0.015174976773,0.00639269406393,0.0422135509046,0.00485436893204,0.00723182000804,0.00544114205476,0.00897148349888,0.00488997555012,0.000684931506849,0.00599315068493,0.00837988826816,0.00675675675676,0.016210739615,0.00496585971446,0.00370256093798,0.00520036708474,0.0102739726027,0.00327510917031,0.0065963060686,0.00364077669903
Chiang Rai,0.000568828213879,0.0074500507958,0.0256968641115,0.0272222222222,0.000376647834275,0.00656388337658,0.0278421154217,0.0180715868019,0.120775095299,0.00969162995595,0.00289953948491,0.00503054257995,0.0,0.0144413478591,0.0121706250739,0.0132845591067,0.0131379484588,0.0142180094787,0.00273878808627,0.0080051232789,0.0609042553191,0.0324967824968,0.00851452029801,0.000914411119239,0.0050038491147,0.0159155937053,0.0163449834811,0.0277482404172,0.00112591480578,0.00693896861694,0.0147130547878,0.00261688764829,0.0187309763521,0.00590418353576,0.0294955827871,0.00119924618811,0.00924313462827,0.0209205020921,0.0114901891462,0.0245348412988,0.0114006514658,0.00147248297442,0.0361010830325,0.00602017572405,0.0140746934225,0.0393350888743,0.006162110918,0.0257170070907,0.000918442321822,0.109339802461,0.0114051094891,0.00396762418664,0.000948226815854,0.0181582360571,0.0139049826188,0.00600734230726,0.0115096359743,0.0129139496228,0.00366812227074,0.00958721704394,0.00323845236066,0.0160556976414,0.0286508647095,0.00958673403291,0.00290102389078,0.00196947316593,0.0157095479141,0.00315291644771,0.0137195121951,0.00569902048085,0.00739906707415,0.00714194618033,0.00954805856143,0.0266173100652,0.00397040245443,0.00111090538789,0.00109789569991
Chanthaburi,0.000985545335085,0.0150068212824,0.0375,0.0300262783785,0.000649350649351,0.0212965129885,0.0593234460923,0.0734687138848,0.0179668406103,0.0109763142692,0.00968188105118,0.00748727163822,0.0144413478591,0.0,0.00491673275178,0.0184139454947,0.0112209457654,0.0276381909548,0.00693866222592,0.012702366127,0.0151889791593,0.00915662650602,0.0244299674267,0.00371402042711,0.010824463287,0.00612244897959,0.00780596598829,0.0401266551526,0.00225952227243,0.00629692419472,0.0357611879988,0.00715922107675,0.0355946799349,0.00647074683203,0.0191797592328,0.000553709856035,0.0261172373767,0.0296540362438,0.00954032957502,0.0285616360105,0.00739371534196,0.00155957579538,0.0177008364131,0.00636456211813,0.0146763168476,0.00889108421833,0.0298656047785,0.038503450781,0.000932835820896,0.00554350445891,0.0272361497988,0.00986193293886,0.00197238658777,0.115766604593,0.0217733473242,0.00575730735164,0.0285714285714,0.0281791907514,0.0329024676851,0.00904977375566,0.00550055005501,0.0258494892641,0.0410049397142,0.031139944393,0.0116504854369,0.00990357049778,0.00616764788338,0.0028677946659,0.00995158687466,0.005,0.070613220069,0.015227517019,0.0127931769723,0.00841750841751,0.00786211067433,0.00126063662149,0.00433839479393
Krabi,0.0,0.00234301780694,0.0125275606334,0.0159087076283,0.000549752611325,0.00244399185336,0.00754542654758,0.00512528473804,0.0241790661878,0.00148075024679,0.00214336746844,0.00978372811535,0.0121706250739,0.00491673275178,0.0,0.0049943246311,0.00253924284395,0.00923689072048,0.0019147917664,0.00281934504446,0.00462004142106,0.00444444444444,0.00404776361061,0.00131717597471,0.00211450878334,0.0126294518818,0.00264296011533,0.00708337839299,0.000546298825458,0.00148746281343,0.00661080074488,0.00246002460025,0.00770320524172,0.0161022969453,0.00524981897176,0.00530120481928,0.00256541816316,0.0091066782307,0.00197921820881,0.0105697072191,0.120838832673,0.016725114648,0.00485942381118,0.0659262759924,0.0141125384476,0.00324114088159,0.000852514919011,0.007164790174,0.00452127659574,0.00190637576785,0.0102484908044,0.00193756727664,0.00333889816361,0.00505902192243,0.00315386348277,0.0453836335272,0.00649794801642,0.00611719253059,0.00295420974889,0.0527253295333,0.00166389351082,0.00403151914972,0.0139846068716,0.00542049934297,0.00119047619048,0.000451365380275,0.00533333333333,0.015527172552,0.0025569502557,0.0389440669106,0.00481505799956,0.0024154589372,0.00304535983331,0.00314085527905,0.0015444015444,0.00295381310419,0.000790305584826
Khon Kaen,0.00560173473076,0.00467063939443,0.0269879107781,0.0282659575941,0.00900900900901,0.029468960359,0.0319789674952,0.0208239022182,0.0197360937322,0.00350175087544,0.0376850605653,0.00495472407312,0.0132845591067,0.0184139454947,0.0049943246311,0.0,0.0067081935793,0.0162610743524,0.0611187845304,0.0507500797957,0.0115026921194,0.008876184745,0.012138052062,0.0167666784328,0.160308615517,0.0030247017308,0.00557468437449,0.0298163990195,0.015165192273,0.0602160788052,0.0872637493615,0.0220152413209,0.0215943027797,0.00708877074271,0.0117155938594,0.00114285714286,0.0179593961478,0.0203748981255,0.00451278622764,0.0232702726708,0.00618189438391,0.00157342657343,0.0192004208311,0.00543816034804,0.0260409602604,0.00932436563742,0.0164935858277,0.0328677937625,0.00104693770721,0.00556140087179,0.0105960264901,0.0761470875366,0.000899118863514,0.0281719974582,0.00801634706067,0.00592927986201,0.0114735077994,0.014331603657,0.00650542118432,0.00703774792067,0.0315789473684,0.0118335146899,0.0282672369706,0.031397574984,0.0146477946017,0.0204309656824,0.00675898450379,0.00183211192538,0.00625601539942,0.00253378378378,0.0086220169361,0.0432067295437,0.120076325474,0.0104149446189,0.00239849237622,0.00228792678634,0.0162343391565
Kamphaeng Phet,0.0,0.0218934911243,0.0228904239469,0.00698886690829,0.0,0.00807823129252,0.0105325443787,0.013714028777,0.0231813329266,0.044352044352,0.00485142510612,0.00513196480938,0.0131379484588,0.0112209457654,0.00253924284395,0.0067081935793,0.0,0.0102108768036,0.00245248313918,0.00826848249027,0.0601355166573,0.040777619725,0.0151642796967,0.00240577385726,0.00277777777778,0.00551724137931,0.0118527760449,0.00929298003265,0.0018018018018,0.00371402042711,0.00977995110024,0.00395256916996,0.00948896764605,0.0051993067591,0.0849295265631,0.0012353304509,0.010067114094,0.0115269461078,0.0253077975376,0.0108147080029,0.00275699094132,0.00329489291598,0.0523066926576,0.00461301896463,0.0136076999668,0.017015070491,0.00751526538281,0.0118126001068,0.00245298446443,0.0206088992974,0.0082483177773,0.00429799426934,0.00189933523267,0.0128629896706,0.0450549450549,0.00291302538494,0.00816203143894,0.0101037684326,0.00395517468688,0.00238734706058,0.0042270531401,0.0184347826087,0.00836197021764,0.0153583617747,0.00303214069133,0.00159659393294,0.037037037037,0.00133155792277,0.0978193146417,0.00494001411433,0.00443131462334,0.003003003003,0.00379095586244,0.0216975111678,0.0268199233716,0.00424088210348,0.00240963855422
Kanchanaburi,0.00210249671485,0.0151618013125,0.0439404677534,0.0401893966569,0.00130106687484,0.0102402520677,0.0402202412166,0.0363610437758,0.0228896617136,0.0101823348331,0.00661043993618,0.00780868716447,0.0142180094787,0.0276381909548,0.00923689072048,0.0162610743524,0.0102108768036,0.0,0.00480219528928,0.01066722443,0.0154325798909,0.0106079151367,0.0213396561944,0.00526579739218,0.00679734429339,0.00788718929254,0.00805338242062,0.0549518261259,0.00310961388961,0.00840163934426,0.0328053238354,0.0035145267104,0.0958865248227,0.00761478163494,0.0192852087757,0.000685400959561,0.0296861747243,0.0511432674252,0.00590597684857,0.0496400558719,0.00938544613011,0.00226814516129,0.0174724342663,0.00511182108626,0.0175039383861,0.00873362445415,0.0142709410548,0.049671977507,0.00125628140704,0.00570264765784,0.0818234950321,0.00808625336927,0.0023653088042,0.0275087175513,0.0145842403135,0.00905338836373,0.0442083618917,0.0402706185567,0.00824111137273,0.0117413593517,0.00340367597005,0.0502308402585,0.0449484324491,0.0269349342853,0.0103021978022,0.00454545454545,0.00856878184345,0.00376736519896,0.0105051408136,0.00480422772039,0.0143732826041,0.00814919291647,0.0104703859978,0.0053032049804,0.00737281887442,0.00203303684879,0.00375751503006
Kalasin,0.0101351351351,0.00319488817891,0.00845492976953,0.00383760856393,0.00865800865801,0.0155963302752,0.00654333472131,0.00834105653383,0.00310136157337,0.00521221146687,0.0155721056195,0.00746887966805,0.00273878808627,0.00693866222592,0.0019147917664,0.0611187845304,0.00245248313918,0.00480219528928,0.0,0.0202342917998,0.00334634690463,0.00493096646943,0.0089565606807,0.043935052531,0.0982824427481,0.00231124807396,0.00411240575737,0.00454402019565,0.00844772967265,0.0151898734177,0.0183486238532,0.0419207317073,0.00347101700798,0.0025332488917,0.00459039548023,0.000683526999316,0.00734589587991,0.00594421582076,0.00298953662182,0.00734969866235,0.00162370610919,0.000943396226415,0.00620306888671,0.00389755011136,0.00940766550523,0.00728787090057,0.00760263558033,0.00569743280381,0.0,0.00297619047619,0.00290502793296,0.0799112097669,0.00223214285714,0.00921105326392,0.00460564191134,0.00128838307924,0.00697084917617,0.00625,0.00441176470588,0.00281866583151,0.0414937759336,0.0050779833152,0.004374604271,0.0130602552686,0.00944032366824,0.012323943662,0.00278745644599,0.00297840655249,0.003125,0.00237341772152,0.00426666666667,0.0129608294931,0.024531024531,0.00627177700348,0.00339270568278,0.000974658869396,0.0244131455399
Loei Province,0.0083081570997,0.00500500500501,0.0109705730511,0.0080624262144,0.0133136094675,0.0118275467379,0.0111253494874,0.00969645868465,0.00772399588054,0.00280426247897,0.0237717908082,0.00793166564979,0.0080051232789,0.012702366127,0.00281934504446,0.0507500797957,0.00826848249027,0.01066722443,0.0202342917998,0.0,0.00975731798849,0.0110249081258,0.011273957159,0.0118968935889,0.0296374702302,0.00288350634371,0.0116959064327,0.0111908000495,0.0326167531505,0.041346973572,0.0193340494092,0.0140449438202,0.00964095744681,0.00798004987531,0.0120221948212,0.000526038926881,0.00927226749087,0.00990099009901,0.00621820237422,0.0133425990271,0.004674644727,0.00334672021419,0.0322580645161,0.0080971659919,0.0490720352312,0.0102171136654,0.0108333333333,0.0102715080144,0.00066401062417,0.00572363041701,0.00530612244898,0.0214224507284,0.00375657400451,0.0121951219512,0.00924641701341,0.00492513790386,0.00892857142857,0.00759493670886,0.0072585147962,0.00580270793037,0.0247759620453,0.0103904282116,0.00834319860195,0.0139547130068,0.0104438642298,0.007452258966,0.00805585392052,0.00337268128162,0.0064039408867,0.00353148911124,0.0108885017422,0.01540436457,0.053911205074,0.0140086206897,0.00371517027864,0.00273785078713,0.0119126406353
Lampang,0.000995355009954,0.0117905127502,0.0295390608093,0.0171511256756,0.000655737704918,0.00908032596042,0.0215676806696,0.0192125984252,0.114403709607,0.0245054620608,0.00667408231368,0.00542822677925,0.0609042553191,0.0151889791593,0.00462004142106,0.0115026921194,0.0601355166573,0.0154325798909,0.00334634690463,0.00975731798849,0.0,0.122570194384,0.0155596841616,0.00155860349127,0.0063199711087,0.0121301775148,0.02487135506,0.0215212097185,0.00260841212912,0.00560702096538,0.0157988871224,0.00374208405296,0.0167687235045,0.00597663678348,0.0572827938671,0.000558347292016,0.00937799043062,0.0191678354371,0.0164415736935,0.0204708290686,0.00641940085592,0.00125904941769,0.049001814882,0.00435227854583,0.0195082300345,0.0744568097509,0.00686274509804,0.0244690397846,0.000313676286073,0.0601484514973,0.0110159118727,0.00568884491714,0.00232480903354,0.0182025028441,0.0309415844225,0.00384786147699,0.0108757870635,0.0143317807238,0.00577034045009,0.00833649109511,0.00359811790756,0.0219389887171,0.0190064569881,0.0146708234,0.00360710321865,0.0026075619296,0.030697943817,0.0026026604974,0.0664185513885,0.00296120817293,0.0067907444668,0.00552978951124,0.00979519145147,0.0433255269321,0.00670527278269,0.00127266942412,0.00281074328545
Lamphun,0.00137457044674,0.0099573257468,0.0173935285842,0.00771518469032,0.00134228187919,0.00946142649199,0.0105208393549,0.0115321252059,0.0853620229307,0.0213903743316,0.00733496332518,0.00509915014164,0.0324967824968,0.00915662650602,0.00444444444444,0.008876184745,0.040777619725,0.0106079151367,0.00493096646943,0.0110249081258,0.122570194384,0.0,0.0100538599641,0.00303398058252,0.00576441102757,0.0202850877193,0.0180995475113,0.0101771810435,0.00264725347452,0.00667189952904,0.010026815903,0.00364583333333,0.00951235512792,0.00515947467167,0.0368453105968,0.000494315373208,0.00650406504065,0.0112994350282,0.0154831820609,0.0114613180516,0.00383631713555,0.0012353304509,0.0293951384963,0.00382327952421,0.0146756677429,0.044370029301,0.00512820512821,0.0111746361746,0.000614250614251,0.0303272146848,0.00818853604953,0.00602167804095,0.0,0.00991884580703,0.023989338072,0.00268765598003,0.00727566693614,0.00984736582964,0.00469483568075,0.00642054574639,0.00242600679282,0.01492992078,0.0095862764884,0.0106843042483,0.00390434358224,0.00307287093942,0.0256541816316,0.00368421052632,0.0479186834463,0.0043980208906,0.00617792421746,0.0046821094135,0.00759990193675,0.032457496136,0.00926462072959,0.00189393939394,0.00364741641337
Lopburi Province,0.00179748352307,0.037610619469,0.0533780299123,0.0156780089217,0.00176056338028,0.0104800540906,0.0238963142973,0.0272490482869,0.0114578078835,0.0236030828516,0.0178970917226,0.00606980273141,0.00851452029801,0.0244299674267,0.00404776361061,0.012138052062,0.0151642796967,0.0213396561944,0.0089565606807,0.011273957159,0.0155596841616,0.0100538599641,0.0,0.00376141859215,0.00762631077216,0.00532687651332,0.0062893081761,0.0264420120526,0.00231749710313,0.00397255326833,0.0263583815029,0.0042194092827,0.0200820557115,0.00554371002132,0.0295790671217,0.00223813786929,0.0290728129911,0.0185057312526,0.0187680461983,0.0192410475681,0.00386779184248,0.00109051254089,0.0203703703704,0.00311284046693,0.0343661971831,0.0123272319761,0.0158088235294,0.032116692831,0.000542593597396,0.00611510791367,0.0109489051095,0.00740466493891,0.00179640718563,0.0216092761771,0.0601598653765,0.00406203840473,0.0161953727506,0.0167216203486,0.0142112742776,0.00709040263358,0.00396126760563,0.0251517779705,0.0208380013444,0.0875097377305,0.00753880266075,0.0048231511254,0.011420740064,0.00236183278224,0.0127659574468,0.00591133004926,0.0133434998094,0.00585891727209,0.00768872320596,0.0146319158665,0.0171428571429,0.00222469410456,0.0048465266559
Mukdahan,0.0385395537525,0.00253807106599,0.00314825414997,0.00220152658488,0.0073664825046,0.0121748754842,0.00303287637996,0.00532184490623,0.0020233463035,0.0031185031185,0.00813743218807,0.0012077294686,0.000914411119239,0.00371402042711,0.00131717597471,0.0167666784328,0.00240577385726,0.00526579739218,0.043935052531,0.0118968935889,0.00155860349127,0.00303398058252,0.00376141859215,0.0,0.0240320427236,0.00218818380744,0.00185528756957,0.00303519535034,0.00706713780919,0.0118675827608,0.00888888888889,0.109604519774,0.00229773854154,0.00167224080268,0.00285364859356,0.0,0.00326086956522,0.00371447028424,0.0010460251046,0.00434782608696,0.00065977567627,0.0,0.00409530900968,0.000705716302047,0.00279441117764,0.00323624595469,0.00438596491228,0.00343194453978,0.0,0.000611246943765,0.00342382000489,0.0324074074074,0.001953125,0.00344901918517,0.00221075902727,0.000701754385965,0.00323275862069,0.0031776294884,0.00615384615385,0.00106609808102,0.0389249304912,0.0050547598989,0.0031746031746,0.00798934753662,0.00999091734787,0.0151515151515,0.00190114068441,0.00104058272633,0.00246507806081,0.00227272727273,0.00402144772118,0.0275590551181,0.00956937799043,0.00474383301708,0.00251256281407,0.0015600624025,0.0490341753343
Maha Sarakham,0.00665965650193,0.00510348738305,0.0151679306609,0.0103926912269,0.0051867219917,0.0366245978718,0.0141147426609,0.0108643553283,0.0066067653277,0.00271411338963,0.0175695461201,0.00157035175879,0.0050038491147,0.010824463287,0.00211450878334,0.160308615517,0.00277777777778,0.00679734429339,0.0982824427481,0.0296374702302,0.0063199711087,0.00576441102757,0.00762631077216,0.0240320427236,0.0,0.00244798041616,0.00408639813193,0.00993452246557,0.00721897559299,0.0281580986825,0.0442441197803,0.0248390064397,0.006332104716,0.00225352112676,0.00416666666667,0.000290866783013,0.0084545812033,0.0117994100295,0.00272067714631,0.0127337386716,0.00217548948513,0.000989119683482,0.0107935238857,0.00132520540684,0.0173313844226,0.00591715976331,0.0117436813888,0.0134296287454,0.0,0.00401909068073,0.00466345406498,0.13652173913,0.000348189415042,0.016814031019,0.00513374763577,0.00150875075438,0.00880971025842,0.00822368421053,0.00632530120482,0.00232333010649,0.0220199647681,0.00657476139979,0.0104036620891,0.0200681560015,0.0140186915888,0.0170423309511,0.00530035335689,0.00120554550934,0.00280112044818,0.000617283950617,0.0044259307472,0.0303939962477,0.0481881995826,0.00736593989393,0.00253968253968,0.000666666666667,0.027135678392
Mae Hong Son,0.0,0.00287976961843,0.00501253132832,0.00450124471719,0.0,0.00196753566158,0.00419815281276,0.00384707862467,0.0288590076276,0.0068669527897,0.00608365019011,0.00679611650485,0.0159155937053,0.00612244897959,0.0126294518818,0.0030247017308,0.00551724137931,0.00788718929254,0.00231124807396,0.00288350634371,0.0121301775148,0.0202850877193,0.00532687651332,0.00218818380744,0.00244798041616,0.0,0.010989010989,0.0034425602448,0.00257731958763,0.00274273176083,0.00316415643589,0.00337268128162,0.00425531914894,0.00285306704708,0.00527505651846,0.00155642023346,0.00337040781935,0.00579392420921,0.00431034482759,0.00633102200784,0.00591966173362,0.00113250283126,0.0104347826087,0.00805951642901,0.00965107646622,0.0126728110599,0.00276854928018,0.00419911953945,0.00112233445567,0.00764609503004,0.0048951048951,0.00283446712018,0.00138888888889,0.00579110651499,0.00577293136626,0.00245810055866,0.0046869768999,0.00597907324365,0.00337552742616,0.0103540414162,0.00377643504532,0.00777000777001,0.0037775323996,0.00465693883887,0.00151745068285,0.00324044069994,0.016921837228,0.00515463917526,0.017094017094,0.00275988960442,0.00708382526564,0.00179964007199,0.00386904761905,0.00956175298805,0.00399201596806,0.00472813238771,0.0032930845225
Nan,0.0,0.00451612903226,0.00736899563319,0.00614677041451,0.00218102508179,0.00870760769936,0.00672819291456,0.0083662561004,0.0172771250864,0.013646702047,0.00472972972973,0.00166805671393,0.0163449834811,0.00780596598829,0.00264296011533,0.00557468437449,0.0118527760449,0.00805338242062,0.00411240575737,0.0116959064327,0.02487135506,0.0180995475113,0.0062893081761,0.00185528756957,0.00408639813193,0.010989010989,0.0,0.00773032568749,0.00212765957447,0.00453857791225,0.00709573011328,0.00147928994083,0.00685966748053,0.00447856685861,0.0168761220826,0.000689655172414,0.00608584240871,0.00718654434251,0.00987841945289,0.00766057748969,0.0036704730832,0.0019120458891,0.0284852546917,0.00448933782267,0.012285012285,0.0864895421142,0.00457782299084,0.00806939681259,0.000947867298578,0.0292008196721,0.00516621743037,0.00363447559709,0.00568181818182,0.00721298337007,0.00932400932401,0.00323624595469,0.00989151244416,0.00799771493859,0.00370919881306,0.00631113916062,0.00403496973773,0.0102564102564,0.00687186002194,0.00830367734282,0.00473933649289,0.00175541252194,0.0149466192171,0.00376222723853,0.0159540523293,0.0104754230459,0.00483610961848,0.00372386135778,0.00540079590677,0.0399709302326,0.0077519379845,0.00296735905045,0.00279069767442
Nonthaburi,0.00137120470127,0.017478072963,0.0979583626672,0.183399532381,0.00182493645311,0.014560740831,0.117724631999,0.0648872265669,0.048130770395,0.0119856428663,0.00688566013898,0.00772548767141,0.0277482404172,0.0401266551526,0.00708337839299,0.0298163990195,0.00929298003265,0.0549518261259,0.00454402019565,0.0111908000495,0.0215212097185,0.0101771810435,0.0264420120526,0.00303519535034,0.00993452246557,0.0034425602448,0.00773032568749,0.0,0.00149632424696,0.00821581851625,0.0706245547376,0.00502320849494,0.126755070203,0.0082436599333,0.0255740817659,0.0011961722488,0.0424246015287,0.0895955254027,0.00927347147608,0.0938045823487,0.0132845188285,0.0016155088853,0.0239611945532,0.0064444169042,0.019045379732,0.0108655389554,0.0153912720979,0.1907708485,0.00226200478252,0.00888698210346,0.0471369294606,0.00836974583051,0.00202534953613,0.0521795495058,0.0221688877661,0.0125629472568,0.0457054668487,0.0583284284873,0.00880832322717,0.0140254066793,0.0046625921492,0.0438527324559,0.151440745288,0.0512926211648,0.00695058764059,0.00572424091588,0.00716777672058,0.00362387945833,0.00918354510001,0.00486244401791,0.0144188937228,0.0160706201901,0.016729780139,0.00818839659769,0.00670189457404,0.00174881792862,0.00322997416021
Nong Bua Lam Phu,0.00268096514745,0.0,0.00174927113703,0.00124690087138,0.004914004914,0.00237107291049,0.00201649862511,0.00235602094241,0.00133637292666,0.00242424242424,0.0113871635611,0.00436046511628,0.00112591480578,0.00225952227243,0.000546298825458,0.015165192273,0.0018018018018,0.00310961388961,0.00844772967265,0.0326167531505,0.00260841212912,0.00264725347452,0.00231749710313,0.00706713780919,0.00721897559299,0.00257731958763,0.00212765957447,0.00149632424696,0.0,0.027027027027,0.00330906684315,0.0132052821128,0.000982559567674,0.000944287063267,0.00259067357513,0.0,0.00114155251142,0.0021437994723,0.00367647058824,0.00205793889505,0.000907441016334,0.0,0.00471142520612,0.00234925606891,0.00635862653667,0.00426742532006,0.00411240575737,0.00172938572219,0.0,0.00200534759358,0.000757193336699,0.00921985815603,0.00267379679144,0.00199645075421,0.00493421052632,0.000241604252235,0.00264350453172,0.00232403718459,0.00476758045292,0.00112107623318,0.011316872428,0.00133630289532,0.00100538174936,0.00277585010409,0.00205761316872,0.00333889816361,0.00438596491228,0.00121506682868,0.000925069380204,0.00134589502019,0.000735835172921,0.00167280026765,0.0394917582418,0.00655737704918,0.00303951367781,0.00198807157058,0.0088809946714
Nong Khai,0.00423131170663,0.00382958353279,0.00878645103782,0.00646022653861,0.0428877769836,0.00846210448859,0.00943014174139,0.00805785123967,0.00649682458574,0.00428036383093,0.0150225338007,0.00345821325648,0.00693896861694,0.00629692419472,0.00148746281343,0.0602160788052,0.00371402042711,0.00840163934426,0.0151898734177,0.041346973572,0.00560702096538,0.00667189952904,0.00397255326833,0.0118675827608,0.0281580986825,0.00274273176083,0.00453857791225,0.00821581851625,0.027027027027,0.0,0.0220274751303,0.0215749730313,0.00965759438104,0.00428367444074,0.00536672629696,0.0010055304173,0.00849315068493,0.00820483802518,0.00268240343348,0.00750853242321,0.00422871851443,0.000630119722747,0.00725648897572,0.0056107034959,0.0106257378985,0.00489795918367,0.00963468486552,0.0110011717224,0.00125470514429,0.00354330708661,0.00561459795468,0.0147722609766,0.00140548137737,0.0103448275862,0.00486510393631,0.00251110681862,0.00679347826087,0.00767706785537,0.00371155885472,0.00214995968826,0.0272865083375,0.00702290076336,0.00824499411072,0.0125931637111,0.00596421471173,0.00670540902995,0.00562659846547,0.00160342063068,0.00282220131703,0.000557724484105,0.0045852438516,0.00822737471952,0.209792284866,0.00407539480387,0.00293255131965,0.00387596899225,0.00872817955112
Nakhon Ratchasima,0.00400427122264,0.0117283950617,0.0789595197784,0.0592118979776,0.00358565737052,0.0571701949528,0.0660086925027,0.0441358318273,0.0256330909278,0.00859997470596,0.0324015247776,0.00680708964809,0.0147130547878,0.0357611879988,0.00661080074488,0.0872637493615,0.00977995110024,0.0328053238354,0.0183486238532,0.0193340494092,0.0157988871224,0.010026815903,0.0263583815029,0.00888888888889,0.0442441197803,0.00316415643589,0.00709573011328,0.0706245547376,0.00330906684315,0.0220274751303,0.0,0.0112615462483,0.0464464053629,0.0056358735604,0.0180606321221,0.000989976488058,0.0474507283633,0.0443812682619,0.00542655224634,0.0513260530421,0.00951881931709,0.00156372165754,0.0179320469799,0.00476871721507,0.0199228791774,0.00848256361923,0.0362127045236,0.080315668548,0.000390066311273,0.00476411805717,0.0281247108891,0.0301682692308,0.0017310252996,0.0395686658943,0.0157766990291,0.00902833646196,0.0257402950717,0.0293611420472,0.00998483316481,0.0108002468628,0.0116959064327,0.0258761873567,0.0612766707812,0.0968094405594,0.0244702320888,0.0179202730708,0.00737039350406,0.00314584119794,0.00845484621983,0.00266802185237,0.0135811293781,0.0326850626209,0.0363617844775,0.00661177644711,0.00722394220846,0.00170179342846,0.00928711576194
