,Amnat Charoen,Ang Thong,Phra Nakhon Si Ayutthaya,Bangkok,Bueng Kan,Buriram,Chonburi,Chachoengsao,Chiang Mai,Chai Nat,Chaiyaphum,Chumphon,Chiang Rai,Chanthaburi,Krabi,Khon Kaen,Kamphaeng Phet,Kanchanaburi,Kalasin,Loei Province,Lampang,Lamphun,Lopburi Province,Mukdahan,Maha Sarakham,Mae Hong Son,Nan,Nonthaburi,Nong Bua Lam Phu,Nong Khai,Nakhon Ratchasima,Nakhon Phanom,Nakhon Pathom,Nakhon Si Thammarat,Nakhon Sawan,Narathiwat,Nakhon Nayok,Phetchaburi,Phichit,Prachuap Khiri Khan,Phuket,Phatthalung,Phitsanulok,Phang Nga,Phetchabun,Phrae,Prachinburi,Pathum Thani,Pattani,Phayao,Ratchaburi,Roi Et,Ranong,Rayong,Sing Buri,Songkhla,Samut Songkhram,Samut Sakhon,Sa Kaeo,Surat Thani,Sakon Nakhon,Suphan Buri,Samut Prakan,Saraburi,Surin,Sisaket,Sukhothai,Satun,Tak,Trang,Trat,Ubon Ratchathani,Udon Thani,Uttaradit,Uthai Thani,Yala,Yasothon
Amnat Charoen,0,2,8,77,0,8,23,11,7,1,3,1,3,3,0,31,1,8,9,12,3,2,4,20,18,0,0,21,1,7,30,13,8,0,2,0,2,7,2,9,0,0,1,1,4,3,2,16,0,1,6,20,1,4,2,1,2,1,2,0,9,3,23,7,7,16,1,0,0,0,1,88,7,2,0,0,19
Ang Thong,2,0,395,652,0,17,182,92,74,58,6,7,43,55,11,30,37,68,5,10,43,21,81,3,18,4,7,260,0,9,95,7,137,12,92,2,54,82,28,91,7,1,54,2,32,30,18,357,0,29,44,15,3,69,150,12,45,71,6,16,5,143,227,89,6,4,13,5,25,4,12,11,12,29,24,2,4
Phra Nakhon Si Ayutthaya,8,395,0,5007,0,141,1279,579,694,183,66,50,295,332,120,297,166,423,59,85,269,133,445,23,130,36,53,1834,12,91,948,39,828,42,424,10,331,594,109,668,105,10,304,42,176,147,133,2468,7,100,343,91,14,424,423,84,336,429,72,139,24,414,1703,791,83,53,91,28,123,27,89,122,127,108,83,11,26
Bangkok,77,652,5007,0,0,704,8439,3087,5010,459,369,249,1988,2077,1121,2050,488,2820,268,560,1207,549,1385,156,735,310,425,12458,89,638,4315,246,5981,432,1300,98,1860,4264,350,4444,1007,126,1185,332,756,550,758,11775,103,450,2666,495,109,2617,834,859,2019,2474,421,1170,250,1535,14287,2195,380,380,365,201,455,220,678,1079,1011,387,237,81,160
Bueng Kan,0,0,0,0,0,0,0,0,0,0,0,0,0,0,0,0,0,0,0,0,0,0,0,0,0,0,0,0,0,0,0,0,0,0,0,0,0,0,0,0,0,0,0,0,0,0,0,0,0,0,0,0,0,0,0,0,0,0,0,0,0,0,0,0,0,0,0,0,0,0,0,0,0,0,0,0,0
Buriram,8,17,141,704,0,0,209,91,102,12,44,2,44,90,13,197,19,52,33,31,39,26,40,22,146,4,19,230,4,28,479,16,107,8,34,2,49,83,11,92,9,2,50,3,31,20,60,244,3,13,41,73,4,85,20,19,36,53,50,21,16,35,216,134,198,92,17,4,8,5,31,165,43,12,6,2,38
Chonburi,23,182,1279,8439,0,209,0,1510,982,154,86,45,470,798,107,521,145,588,83,143,316,154,405,40,203,49,88,2461,28,183,1155,64,1217,63,369,10,426,784,95,848,149,27,315,55,215,153,331,2579,12,130,526,143,15,1197,248,108,462,566,144,163,60,366,3352,598,105,95,95,41,137,34,193,268,259,116,61,17,40
Chachoengsao,11,92,579,3087,0,91,1510,0,290,61,45,19,157,446,37,187,65,264,37,47,126,62,161,21,67,16,36,1108,10,46,476,27,549,33,176,4,251,379,62,374,30,8,133,17,101,63,224,1128,4,57,222,53,8,563,152,54,208,264,129,60,25,183,1501,317,52,33,38,19,59,16,92,87,74,46,25,7,22
Chiang Mai,7,74,694,5010,0,102,982,290,0,127,55,38,1906,269,375,347,306,362,40,106,1572,1113,237,28,100,367,222,1227,19,139,499,41,562,63,473,17,174,482,115,554,219,15,491,67,179,475,86,1117,19,455,266,66,17,362,178,150,215,235,49,307,53,230,1479,237,41,36,211,46,344,50,111,115,204,250,39,25,22
Chai Nat,1,58,183,459,0,12,154,61,127,0,10,4,56,39,6,22,67,45,7,6,86,45,55,3,8,8,19,185,3,10,70,4,95,4,211,1,32,78,51,70,8,1,96,3,31,36,17,220,0,34,45,11,1,53,122,9,33,55,11,12,4,104,164,64,10,4,16,2,49,4,10,9,14,31,56,3,2
Chaiyaphum,3,6,66,369,0,44,86,45,55,10,0,5,19,35,10,226,8,29,24,45,23,15,44,9,59,7,7,107,11,33,252,12,42,10,24,2,26,34,11,39,5,4,32,6,46,13,20,145,2,10,25,28,1,55,14,9,15,22,10,10,14,21,115,71,27,23,13,4,9,1,12,35,45,11,5,3,12
Chumphon,1,7,50,249,0,2,45,19,38,4,5,0,20,13,29,19,3,24,6,11,12,5,12,0,3,3,1,83,2,2,35,3,48,33,15,2,19,71,6,98,26,13,9,19,12,7,5,69,5,6,27,4,21,20,7,38,34,37,5,100,1,13,71,22,2,0,3,7,2,13,4,7,12,6,1,3,1
Chiang Rai,3,43,295,1988,0,44,470,157,1906,56,19,20,0,117,109,143,78,124,17,53,455,204,86,6,39,90,92,531,7,82,190,13,224,35,208,7,60,198,66,238,72,8,259,27,70,238,41,486,5,629,101,26,5,155,87,52,85,105,21,91,20,113,618,78,19,14,90,18,82,31,41,63,83,151,15,6,7
Chanthaburi,3,55,332,2077,0,90,798,446,269,39,35,13,117,0,34,150,42,175,24,51,84,39,115,12,60,21,28,658,8,33,351,23,343,24,93,2,119,230,33,224,31,5,91,17,62,36,119,632,3,23,174,40,6,642,81,37,145,162,114,48,20,122,760,175,45,37,22,10,37,12,223,84,71,30,22,4,14
Krabi,0,11,120,1121,0,13,107,37,375,6,10,29,109,34,0,44,11,67,9,13,29,21,77,5,13,49,13,117,2,33,69,7,80,66,28,27,16,78,8,79,666,59,27,205,23,15,7,124,17,8,72,9,12,28,14,321,39,37,14,316,7,23,276,34,6,2,22,61,11,129,22,15,19,13,6,11,3
Khon Kaen,31,30,297,2050,0,197,521,187,347,22,226,19,143,150,44,0,42,146,358,316,94,60,98,97,1114,18,34,567,87,415,1027,118,262,44,87,7,116,205,28,241,32,9,146,23,176,61,108,628,6,37,93,468,5,241,53,53,85,115,39,55,191,86,609,265,95,130,41,10,39,13,49,339,878,63,13,13,92
Kamphaeng Phet,1,37,166,488,0,19,145,65,306,67,8,3,78,42,11,42,0,47,5,18,213,88,46,3,10,8,19,144,2,9,80,7,80,9,236,2,29,71,35,65,11,4,161,7,38,35,17,178,3,44,38,10,3,57,77,13,25,38,6,7,7,54,149,55,6,3,57,2,156,4,8,12,15,35,29,5,3
Kanchanaburi,8,68,423,2820,0,52,588,264,362,45,29,24,124,175,67,146,47,0,21,51,98,54,133,21,43,33,36,942,14,54,355,12,974,35,111,4,157,421,25,422,57,9,105,16,73,43,68,846,6,30,563,40,9,193,71,68,258,262,35,71,15,272,883,172,45,21,37,16,46,16,62,52,66,23,27,8,15
Kalasin,9,5,59,268,0,33,83,37,40,7,24,6,17,24,9,358,5,21,0,38,11,9,23,46,308,3,6,69,8,37,146,50,27,4,12,1,22,36,3,48,6,1,18,5,23,13,15,86,0,6,13,142,1,43,8,7,21,22,6,10,64,14,76,45,16,20,4,4,5,2,8,45,88,8,4,1,26
Loei Province,12,10,85,560,0,31,143,47,106,6,45,11,53,51,13,316,18,51,38,0,38,27,38,18,111,5,22,176,46,108,163,19,83,16,39,1,32,64,11,85,19,5,111,14,146,24,26,156,1,14,27,49,5,60,21,25,30,32,13,21,47,33,149,56,20,16,15,6,13,5,22,60,201,26,4,4,18
Lampang,3,43,269,1207,0,39,316,126,1572,86,23,12,455,84,29,94,213,98,11,38,0,470,75,5,35,40,85,354,8,26,159,13,159,20,269,2,43,143,54,160,34,4,242,12,86,280,28,400,1,235,70,23,7,112,121,25,50,81,20,44,13,104,358,83,13,10,106,9,233,9,23,31,55,149,15,4,9
Lamphun,2,21,133,549,0,26,154,62,1113,45,15,5,204,39,21,60,88,54,9,27,470,0,31,5,23,39,38,162,4,19,87,7,82,12,128,1,24,74,28,81,13,2,107,4,46,112,13,179,1,80,42,16,0,48,57,14,25,42,10,26,5,50,174,48,8,7,52,7,105,6,13,19,32,70,14,3,6
Lopburi Province,4,81,445,1385,0,40,405,161,237,55,44,12,86,115,77,98,46,133,23,38,75,31,0,8,33,22,19,470,6,25,253,8,198,18,111,8,106,144,41,154,73,3,86,30,127,33,48,527,3,16,80,24,6,130,141,41,70,91,33,82,11,100,450,364,21,16,33,12,33,12,45,38,46,32,27,5,10
Mukdahan,20,3,23,156,0,22,40,21,28,3,9,0,6,12,5,97,3,21,46,18,5,5,8,0,71,3,2,48,4,23,68,94,19,2,7,0,9,21,1,24,1,0,11,1,6,5,7,50,0,1,14,49,1,14,3,3,9,10,6,3,43,12,56,24,11,20,2,1,4,1,6,84,30,5,2,1,33
Maha Sarakham,18,18,130,735,0,146,203,67,100,8,59,3,39,60,13,1114,10,43,308,111,35,23,33,71,0,8,14,169,22,122,426,74,61,8,19,1,36,82,8,99,9,3,53,3,78,23,46,222,0,16,29,471,1,109,20,10,42,45,21,11,77,29,198,114,56,62,18,3,10,1,16,162,252,25,8,2,81
Mae Hong Son,0,4,36,310,0,4,49,16,367,8,7,3,90,21,49,18,8,33,3,5,40,39,22,3,8,0,13,53,3,17,25,4,35,4,14,2,9,36,5,35,19,1,30,9,14,22,5,62,1,14,21,5,1,24,9,11,14,20,4,40,5,20,66,16,2,5,21,6,24,3,11,6,12,12,4,4,3
Nan,0,7,53,425,0,19,88,36,222,19,7,1,92,28,13,34,19,36,6,22,85,38,19,2,14,13,0,117,2,10,58,2,56,7,47,1,18,41,13,42,9,2,84,6,29,152,9,119,1,58,22,7,5,31,16,15,29,27,5,21,6,28,119,28,7,3,21,5,25,9,9,13,19,55,8,3,3
Nonthaburi,21,260,1834,12458,0,230,2461,1108,1227,185,107,83,531,658,117,567,144,942,69,176,354,162,470,48,169,53,117,0,24,156,1435,68,2265,123,415,17,633,1521,136,1591,160,24,393,74,266,171,235,4550,34,137,812,133,29,808,338,227,726,965,135,234,70,696,4073,876,111,91,103,53,137,71,196,274,283,124,77,25,48
Nong Bua Lam Phu,1,0,12,89,0,4,28,10,19,3,11,2,7,8,2,87,2,14,8,46,8,4,6,4,22,3,2,24,0,47,26,10,8,1,6,0,3,12,3,12,5,0,12,3,13,7,6,25,0,3,5,13,1,10,6,1,7,7,4,5,11,3,20,9,2,5,4,1,1,0,1,5,128,6,1,1,5
Nong Khai,7,9,91,638,0,28,183,46,139,10,33,2,82,33,33,415,9,54,37,108,26,19,25,23,122,17,10,156,47,0,210,48,101,12,22,4,31,60,5,61,33,1,29,9,35,14,26,200,1,10,35,42,2,61,12,15,26,38,10,25,80,32,199,60,13,18,15,7,11,2,13,39,763,10,7,6,16
Nakhon Ratchasima,30,95,948,4315,0,479,1155,476,499,70,252,35,190,351,69,1027,80,355,146,163,159,87,253,68,426,25,58,1435,26,210,0,80,623,46,170,8,353,524,43,600,71,12,174,31,159,72,312,1618,3,42,297,252,13,399,134,99,242,298,81,106,94,240,1408,973,207,148,59,25,65,16,105,325,359,54,44,13,72
Nakhon Phanom,13,7,39,246,0,16,64,27,41,4,12,3,13,23,7,118,7,12,50,19,13,7,8,94,74,4,2,68,10,48,80,0,33,7,8,0,19,29,4,29,2,0,12,1,12,6,11,75,1,4,16,38,3,21,6,4,16,19,8,7,143,14,76,30,10,20,4,1,5,0,4,59,87,5,4,2,21
Nakhon Pathom,8,137,828,5981,0,107,1217,549,562,95,42,48,224,343,80,262,80,974,27,83,159,82,198,19,61,35,56,2265,8,101,623,33,0,57,217,9,316,1101,44,1033,72,18,193,34,138,94,107,1835,14,72,1186,50,18,391,158,107,619,769,50,97,40,467,1854,393,52,52,56,28,92,29,87,104,125,73,48,19,29
Nakhon Si Thammarat,0,12,42,432,0,8,63,33,63,4,10,33,35,24,66,44,9,35,4,16,20,12,18,2,8,4,7,123,1,12,46,7,57,0,21,13,16,62,5,93,46,62,25,27,20,9,10,111,22,8,28,6,7,19,7,161,38,31,7,144,5,24,125,27,4,3,6,17,9,46,10,12,19,11,3,11,5
Nakhon Sawan,2,92,424,1300,0,34,369,176,473,211,24,15,208,93,28,87,236,111,12,39,269,128,111,7,19,14,47,415,6,22,170,8,217,21,0,2,74,194,193,188,24,2,333,12,115,142,35,552,3,114,78,23,9,145,252,28,71,104,30,40,17,159,417,118,18,8,78,6,148,9,18,29,37,109,114,5,9
Narathiwat,0,2,10,98,0,2,10,4,17,1,2,2,7,2,27,7,2,4,1,1,2,1,8,0,1,2,1,17,0,4,8,0,9,13,2,0,3,11,3,9,7,12,2,3,3,0,2,10,47,3,5,0,0,4,0,104,0,5,0,12,0,1,20,3,0,0,2,11,2,9,3,2,1,0,0,38,0
Nakhon Nayok,2,54,331,1860,0,49,426,251,174,32,26,19,60,119,16,116,29,157,22,32,43,24,106,9,36,9,18,633,3,31,353,19,316,16,74,3,0,209,20,230,24,7,49,8,42,24,187,970,4,23,129,30,5,160,55,37,113,144,45,34,13,88,637,235,24,16,14,4,27,10,31,45,43,15,8,3,9
Phetchaburi,7,82,594,4264,0,83,784,379,482,78,34,71,198,230,78,205,71,421,36,64,143,74,144,21,82,36,41,1521,12,60,524,29,1101,62,194,11,209,0,42,2393,68,17,161,39,85,79,92,1300,15,66,756,52,21,269,131,99,717,800,50,135,33,281,1434,295,43,31,41,31,70,24,62,110,96,53,41,8,20
Phichit,2,28,109,350,0,11,95,62,115,51,11,6,66,33,8,28,35,25,3,11,54,28,41,1,8,5,13,136,3,5,43,4,44,5,193,3,20,42,0,48,2,1,240,3,74,66,7,154,3,50,13,6,0,39,75,7,11,34,10,12,8,28,113,28,5,3,37,3,23,1,4,9,15,64,21,3,2
Prachuap Khiri Khan,9,91,668,4444,0,92,848,374,554,70,39,98,238,224,79,241,65,422,48,85,160,81,154,24,99,35,42,1591,12,61,600,29,1033,93,188,9,230,2393,48,0,109,27,184,51,114,86,95,1318,16,76,630,67,16,312,120,124,589,697,54,152,42,275,1521,301,43,37,39,22,74,31,70,114,109,67,26,14,28
Phuket,0,7,105,1007,0,9,149,30,219,8,5,26,72,31,666,32,11,57,6,19,34,13,73,1,9,19,9,160,5,33,71,2,72,46,24,7,24,68,2,109,0,26,21,374,17,8,10,136,6,8,64,4,11,35,12,115,42,31,10,179,5,23,354,29,8,4,10,22,12,41,16,15,35,8,5,4,0
Phatthalung,0,1,10,126,0,2,27,8,15,1,4,13,8,5,59,9,4,9,1,5,4,2,3,0,3,1,2,24,0,1,12,0,18,62,2,12,7,17,1,27,26,0,9,14,12,2,2,27,15,0,13,2,3,6,2,171,13,8,0,37,1,1,34,6,1,0,1,10,2,63,2,4,4,0,0,11,0
Phitsanulok,1,54,304,1185,0,50,315,133,491,96,32,9,259,91,27,146,161,105,18,111,242,107,86,11,53,30,84,393,12,29,174,12,193,25,333,2,49,161,240,184,21,9,0,10,278,249,24,409,3,145,88,25,8,113,140,38,71,82,21,35,14,102,368,98,20,15,248,5,128,9,27,43,67,253,30,6,15
Phang Nga,1,2,42,332,0,3,55,17,67,3,6,19,27,17,205,23,7,16,5,14,12,4,30,1,3,9,6,74,3,9,31,1,34,27,12,3,8,39,3,51,374,14,10,0,8,5,7,50,5,7,28,4,11,16,6,48,26,24,4,91,4,8,117,13,4,2,4,11,9,23,6,5,12,5,3,1,2
Phetchabun,4,32,176,756,0,31,215,101,179,31,46,12,70,62,23,176,38,73,23,146,86,46,127,6,78,14,29,266,13,35,159,12,138,20,115,3,42,85,74,114,17,12,278,8,0,50,30,253,4,43,66,47,5,75,57,28,50,55,15,27,15,62,240,132,18,12,48,6,33,11,18,39,59,57,18,6,11
Phrae,3,30,147,550,0,20,153,63,475,36,13,7,238,36,15,61,35,43,13,24,280,112,33,5,23,22,152,171,7,14,72,6,94,9,142,0,24,79,66,86,8,2,249,5,50,0,8,207,0,156,35,12,5,52,65,6,31,44,6,22,10,48,160,41,9,9,52,3,48,5,11,15,28,189,5,1,8
Prachinburi,2,18,133,758,0,60,331,224,86,17,20,5,41,119,7,108,17,68,15,26,28,13,48,7,46,5,9,235,6,26,312,11,107,10,35,2,187,92,7,95,10,2,24,7,30,8,0,308,1,10,59,26,2,121,29,16,56,45,87,12,11,36,270,107,26,20,4,5,14,2,22,45,49,8,10,6,6
Pathum Thani,16,357,2468,11775,0,244,2579,1128,1117,220,145,69,486,632,124,628,178,846,86,156,400,179,527,50,222,62,119,4550,25,200,1618,75,1835,111,552,10,970,1300,154,1318,136,27,409,50,253,207,308,0,26,149,668,145,27,882,421,201,657,802,136,191,74,560,3652,1049,134,113,112,35,171,59,176,299,289,146,96,26,42
Pattani,0,0,7,103,0,3,12,4,19,0,2,5,5,3,17,6,3,6,0,1,1,1,3,0,0,1,1,34,0,1,3,1,14,22,3,47,4,15,3,16,6,15,3,5,4,0,1,26,0,1,4,0,0,6,1,136,4,8,0,12,2,4,34,2,1,0,2,8,2,18,1,3,4,0,0,56,1
Phayao,1,29,100,450,0,13,130,57,455,34,10,6,629,23,8,37,44,30,6,14,235,80,16,1,16,14,58,137,3,10,42,4,72,8,114,3,23,66,50,76,8,0,145,7,43,156,10,149,1,0,31,13,2,49,50,15,24,31,9,13,7,43,116,31,7,3,44,3,46,7,11,17,20,84,10,2,2
Ratchaburi,6,44,343,2666,0,41,526,222,266,45,25,27,101,174,72,93,38,563,13,27,70,42,80,14,29,21,22,812,5,35,297,16,1186,28,78,5,129,756,13,630,64,13,88,28,66,35,59,668,4,31,0,24,8,155,46,57,622,415,19,65,18,176,777,170,32,20,22,19,43,16,38,44,55,22,18,9,8
Roi Et,20,15,91,495,0,73,143,53,66,11,28,4,26,40,9,468,10,40,142,49,23,16,24,49,471,5,7,133,13,42,252,38,50,6,23,0,30,52,6,67,4,2,25,4,47,12,26,145,0,13,24,0,2,67,13,14,21,40,17,11,38,23,129,67,44,51,7,4,11,2,16,144,88,14,7,2,82
Ranong,1,3,14,109,0,4,15,8,17,1,1,21,5,6,12,5,3,9,1,5,7,0,6,1,1,1,5,29,1,2,13,3,18,7,9,0,5,21,0,16,11,3,8,11,5,5,2,27,0,2,8,2,0,4,1,13,8,15,3,22,2,6,29,5,1,1,6,3,4,3,3,5,4,2,1,2,3
Rayong,4,69,424,2617,0,85,1197,563,362,53,55,20,155,642,28,241,57,193,43,60,112,48,130,14,109,24,31,808,10,61,399,21,391,19,145,4,160,269,39,312,35,6,113,16,75,52,121,882,6,49,155,67,4,0,96,38,160,192,77,52,21,135,1051,204,41,35,23,11,44,24,137,100,96,43,20,7,17
Sing Buri,2,150,423,834,0,20,248,152,178,122,14,7,87,81,14,53,77,71,8,21,121,57,141,3,20,9,16,338,6,12,134,6,158,7,252,0,55,131,75,120,12,2,140,6,57,65,29,421,1,50,46,13,1,96,0,13,61,91,25,20,3,111,327,126,17,3,37,2,58,6,15,17,25,60,40,2,3
Songkhla,1,12,84,859,0,19,108,54,150,9,9,38,52,37,321,53,13,68,7,25,25,14,41,3,10,11,15,227,1,15,99,4,107,161,28,104,37,99,7,124,115,171,38,48,28,6,16,201,136,15,57,14,13,38,13,0,42,49,11,133,8,23,257,44,7,3,10,188,15,144,13,26,37,13,5,92,5
Samut Songkhram,2,45,336,2019,0,36,462,208,215,33,15,34,85,145,39,85,25,258,21,30,50,25,70,9,42,14,29,726,7,26,242,16,619,38,71,0,113,717,11,589,42,13,71,26,50,31,56,657,4,24,622,21,8,160,61,42,0,554,27,52,16,127,766,139,24,14,20,16,28,16,27,42,44,18,12,3,14
Samut Sakhon,1,71,429,2474,0,53,566,264,235,55,22,37,105,162,37,115,38,262,22,32,81,42,91,10,45,20,27,965,7,38,298,19,769,31,104,5,144,800,34,697,31,8,82,24,55,44,45,802,8,31,415,40,15,192,91,49,554,0,39,60,17,161,990,222,31,13,20,16,35,13,39,57,60,33,20,8,10
Sa Kaeo,2,6,72,421,0,50,144,129,49,11,10,5,21,114,14,39,6,35,6,13,20,10,33,6,21,4,5,135,4,10,81,8,50,7,30,0,45,50,10,54,10,0,21,4,15,6,87,136,0,9,19,17,3,77,25,11,27,39,0,13,9,21,152,50,24,15,9,3,11,3,24,28,11,4,7,2,6
Surat Thani,0,16,139,1170,0,21,163,60,307,12,10,100,91,48,316,55,7,71,10,21,44,26,82,3,11,40,21,234,5,25,106,7,97,144,40,12,34,135,12,152,179,37,35,91,27,22,12,191,12,13,65,11,22,52,20,133,52,60,13,0,7,33,331,51,12,7,19,26,23,42,25,22,30,18,8,11,4
Sakon Nakhon,9,5,24,250,0,16,60,25,53,4,14,1,20,20,7,191,7,15,64,47,13,5,11,43,77,5,6,70,11,80,94,143,40,5,17,0,13,33,8,42,5,1,14,4,15,10,11,74,2,7,18,38,2,21,3,8,16,17,9,7,0,12,76,27,11,14,8,3,7,3,7,39,185,6,7,3,7
Suphan Buri,3,143,414,1535,0,35,366,183,230,104,21,13,113,122,23,86,54,272,14,33,104,50,100,12,29,20,28,696,3,32,240,14,467,24,159,1,88,281,28,275,23,1,102,8,62,48,36,560,4,43,176,23,6,135,111,23,127,161,21,33,12,0,485,135,19,4,23,5,54,13,29,32,41,36,43,4,10
Samut Prakan,23,227,1703,14287,0,216,3352,1501,1479,164,115,71,618,760,276,609,149,883,76,149,358,174,450,56,198,66,119,4073,20,199,1408,76,1854,125,417,20,637,1434,113,1521,354,34,368,117,240,160,270,3652,34,116,777,129,29,1051,327,257,766,990,152,331,76,485,0,789,117,115,125,73,154,69,238,312,324,129,58,25,53
Saraburi,7,89,791,2195,0,134,598,317,237,64,71,22,78,175,34,265,55,172,45,56,83,48,364,24,114,16,28,876,9,60,973,30,393,27,118,3,235,295,28,301,29,6,98,13,132,41,107,1049,2,31,170,67,5,204,126,44,139,222,50,51,27,135,789,0,62,47,30,9,52,8,37,87,90,25,21,5,22
Surin,7,6,83,380,0,198,105,52,41,10,27,2,19,45,6,95,6,45,16,20,13,8,21,11,56,2,7,111,2,13,207,10,52,4,18,0,24,43,5,43,8,1,20,4,18,9,26,134,1,7,32,44,1,41,17,7,24,31,24,12,11,19,117,62,0,122,8,4,10,1,15,159,20,4,4,3,22
Sisaket,16,4,53,380,0,92,95,33,36,4,23,0,14,37,2,130,3,21,20,16,10,7,16,20,62,5,3,91,5,18,148,20,52,3,8,0,16,31,3,37,4,0,15,2,12,9,20,113,0,3,20,51,1,35,3,3,14,13,15,7,14,4,115,47,122,0,6,1,3,1,14,436,23,5,2,1,40
Sukhothai,1,13,91,365,0,17,95,38,211,16,13,3,90,22,22,41,57,37,4,15,106,52,33,2,18,21,21,103,4,15,59,4,56,6,78,2,14,41,37,39,10,1,248,4,48,52,4,112,2,44,22,7,6,23,37,10,20,20,9,19,8,23,125,30,8,6,0,6,52,0,7,12,25,78,9,3,3
Satun,0,5,28,201,0,4,41,19,46,2,4,7,18,10,61,10,2,16,4,6,9,7,12,1,3,6,5,53,1,7,25,1,28,17,6,11,4,31,3,22,22,10,5,11,6,3,5,35,8,3,19,4,3,11,2,188,16,16,3,26,3,5,73,9,4,1,6,0,4,23,10,8,4,2,3,13,1
Tak,0,25,123,455,0,8,137,59,344,49,9,2,82,37,11,39,156,46,5,13,233,105,33,4,10,24,25,137,1,11,65,5,92,9,148,2,27,70,23,74,12,2,128,9,33,48,14,171,2,46,43,11,4,44,58,15,28,35,11,23,7,54,154,52,10,3,52,4,0,3,12,11,15,35,17,3,5
Trang,0,4,27,220,0,5,34,16,50,4,1,13,31,12,129,13,4,16,2,5,9,6,12,1,1,3,9,71,0,2,16,0,29,46,9,9,10,24,1,31,41,63,9,23,11,5,2,59,18,7,16,2,3,24,6,144,16,13,3,42,3,13,69,8,1,1,0,23,3,0,10,4,5,1,2,12,0
Trat,1,12,89,678,0,31,193,92,111,10,12,4,41,223,22,49,8,62,8,22,23,13,45,6,16,11,9,196,1,13,105,4,87,10,18,3,31,62,4,70,16,2,27,6,18,11,22,176,1,11,38,16,3,137,15,13,27,39,24,25,7,29,238,37,15,14,7,10,12,10,0,32,23,9,4,3,3
Ubon Ratchathani,88,11,122,1079,0,165,268,87,115,9,35,7,63,84,15,339,12,52,45,60,31,19,38,84,162,6,13,274,5,39,325,59,104,12,29,2,45,110,9,114,15,4,43,5,39,15,45,299,3,17,44,144,5,100,17,26,42,57,28,22,39,32,312,87,159,436,12,8,11,4,32,0,71,16,3,7,144
Udon Thani,7,12,127,1011,0,43,259,74,204,14,45,12,83,71,19,878,15,66,88,201,55,32,46,30,252,12,19,283,128,763,359,87,125,19,37,1,43,96,15,109,35,4,67,12,59,28,49,289,4,20,55,88,4,96,25,37,44,60,11,30,185,41,324,90,20,23,25,4,15,5,23,71,0,23,6,8,19
Uttaradit,2,29,108,387,0,12,116,46,250,31,11,6,151,30,13,63,35,23,8,26,149,70,32,5,25,12,55,124,6,10,54,5,73,11,109,0,15,53,64,67,8,0,253,5,57,189,8,146,0,84,22,14,2,43,60,13,18,33,4,18,6,36,129,25,4,5,78,2,35,1,9,16,23,0,8,3,6
Uthai Thani,0,24,83,237,0,6,61,25,39,56,5,1,15,22,6,13,29,27,4,4,15,14,27,2,8,4,8,77,1,7,44,4,48,3,114,0,8,41,21,26,5,0,30,3,18,5,10,96,0,10,18,7,1,20,40,5,12,20,7,8,7,43,58,21,4,2,9,3,17,2,4,3,6,8,0,1,2
Yala,0,2,11,81,0,2,17,7,25,3,3,3,6,4,11,13,5,8,1,4,4,3,5,1,2,4,3,25,1,6,13,2,19,11,5,38,3,8,3,14,4,11,6,1,6,1,6,26,56,2,9,2,2,7,2,92,3,8,2,11,3,4,25,5,3,1,3,13,3,12,3,7,8,3,1,0,1
Yasothon,19,4,26,160,0,38,40,22,22,2,12,1,7,14,3,92,3,15,26,18,9,6,10,33,81,3,3,48,5,16,72,21,29,5,9,0,9,20,2,28,0,0,15,2,11,8,6,42,1,2,8,82,3,17,3,5,14,10,6,4,7,10,53,22,22,40,3,1,5,0,3,144,19,6,2,1,0
