,Amnat Charoen,Ang Thong,Phra Nakhon Si Ayutthaya,Bangkok,Bueng Kan,Buriram,Chonburi,Chachoengsao,Chiang Mai,Chai Nat,Chaiyaphum,Chumphon,Chiang Rai,Chanthaburi,Krabi,Khon Kaen,Kamphaeng Phet,Kanchanaburi,Kalasin,Loei Province,Lampang,Lamphun,Lopburi Province,Mukdahan,Maha Sarakham,Mae Hong Son,Nan,Nonthaburi,Nong Bua Lam Phu,Nong Khai,Nakhon Ratchasima,Nakhon Phanom,Nakhon Pathom,Nakhon Si Thammarat,Nakhon Sawan,Narathiwat,Nakhon Nayok,Phetchaburi,Phichit,Prachuap Khiri Khan,Phuket,Phatthalung,Phitsanulok,Phang Nga,Phetchabun,Phrae,Prachinburi,Pathum Thani,Pattani,Phayao,Ratchaburi,Roi Et,Ranong,Rayong,Sing Buri,Songkhla,Samut Songkhram,Samut Sakhon,Sa Kaeo,Surat Thani,Sakon Nakhon,Suphan Buri,Samut Prakan,Saraburi,Surin,Sisaket,Sukhothai,Satun,Tak,Trang,Trat,Ubon Ratchathani,Udon Thani,Uttaradit,Uthai Thani,Yala,Yasothon
Amnat Charoen,0,1,7,79,3,9,29,11,7,1,4,1,3,4,1,30,0,5,7,12,3,2,4,16,17,0,0,25,1,6,28,8,6,0,2,0,2,8,1,11,1,0,2,1,4,3,2,16,0,1,6,24,1,7,2,1,3,1,3,0,9,3,31,6,8,17,1,0,0,0,1,88,7,2,0,0,18
Ang Thong,1,0,400,636,3,16,223,87,73,53,7,10,40,56,10,29,31,66,5,7,40,21,95,2,17,4,8,297,0,8,97,6,129,11,92,2,52,91,28,93,9,1,50,5,29,27,18,352,0,26,44,14,2,77,155,10,58,64,8,15,4,136,263,82,6,3,12,4,26,4,21,10,11,26,35,2,3
Phra Nakhon Si Ayutthaya,7,400,0,4818,9,119,1577,550,676,173,62,62,293,319,122,245,159,420,51,65,278,136,483,12,109,38,52,2074,14,51,867,34,714,39,423,5,313,598,107,680,146,9,297,46,162,146,118,2292,9,100,320,86,16,460,408,80,394,360,56,140,23,436,1959,702,62,40,87,29,122,26,102,97,110,108,110,11,20
Bangkok,79,636,4818,0,74,701,11207,3022,4939,417,377,365,1963,2068,1188,2006,480,2848,260,511,1306,595,1479,101,738,308,425,14900,93,469,4460,219,5277,436,1316,68,1885,4639,340,4880,1397,123,1202,364,764,550,731,11267,104,449,2516,541,111,3102,807,879,2468,2207,326,1223,244,1519,17728,2094,348,377,363,215,447,240,802,1054,1017,382,309,79,122
Bueng Kan,3,3,9,74,0,4,29,7,6,1,3,0,3,2,2,49,0,6,7,18,2,2,4,2,15,0,2,31,3,58,32,21,11,0,3,0,5,4,0,6,1,0,1,1,3,0,3,26,0,1,3,6,0,5,1,1,2,5,1,3,36,5,21,10,1,4,3,0,1,1,2,8,70,2,3,0,2
Buriram,9,16,119,701,4,0,265,87,100,12,43,5,44,90,13,195,18,53,33,29,44,27,41,18,147,4,19,272,5,22,488,15,100,8,34,2,49,89,11,99,22,2,51,4,32,20,58,236,4,13,39,84,5,101,21,19,46,50,44,21,16,35,270,134,175,94,17,4,8,5,37,160,45,12,8,2,30
Chonburi,29,223,1577,11207,29,265,0,1841,1271,168,127,89,583,1060,155,665,174,796,105,170,428,204,558,39,259,71,113,3776,39,163,1533,74,1490,91,459,12,577,1174,118,1226,272,35,408,74,274,193,414,3181,16,159,650,196,21,1909,298,159,692,667,160,212,76,474,5374,733,134,122,128,52,173,49,332,330,340,142,104,22,44
Chachoengsao,11,87,550,3022,7,87,1841,0,284,58,47,31,154,445,42,177,61,252,34,35,128,64,176,14,69,16,34,1241,8,36,497,29,498,31,174,4,271,411,59,397,46,7,129,14,96,58,230,1067,4,53,193,56,9,649,144,54,253,235,102,59,22,179,1732,309,47,33,36,18,58,20,108,78,75,42,32,5,16
Chiang Mai,7,73,676,4939,6,100,1271,284,0,109,55,59,1889,267,387,345,301,360,36,92,1718,1173,258,13,105,363,222,1435,19,95,513,33,492,65,477,13,166,550,107,609,315,13,496,72,181,473,86,1042,20,454,254,72,17,424,159,150,269,217,41,315,53,225,1741,219,37,34,211,46,343,54,127,112,201,248,49,24,17
Chai Nat,1,53,173,417,1,12,168,58,109,0,11,5,51,34,6,22,57,43,7,6,71,36,61,2,9,7,15,188,2,8,74,5,80,4,206,0,31,77,45,73,8,1,87,4,27,33,17,197,1,32,38,11,2,58,118,8,46,48,8,13,3,109,183,53,9,4,14,3,43,3,10,9,12,29,67,3,3
Chaiyaphum,4,7,62,377,3,43,127,47,55,11,0,9,22,35,11,233,8,28,20,45,26,15,46,9,66,8,8,131,10,32,265,11,44,10,24,2,31,40,11,47,7,4,38,7,49,14,20,141,3,10,23,35,2,65,16,9,19,20,9,12,14,21,142,67,23,23,13,4,9,5,15,35,49,13,6,3,10
Chumphon,1,10,62,365,0,5,89,31,59,5,9,0,31,25,42,31,8,34,8,12,21,11,21,1,6,8,2,142,3,7,58,7,76,50,22,3,29,126,11,183,47,19,19,31,17,11,9,101,10,13,38,7,27,37,11,56,69,50,5,132,6,21,137,33,6,1,7,9,14,18,10,12,18,14,5,5,2
Chiang Rai,3,40,293,1963,3,44,583,154,1889,51,22,31,0,118,110,140,75,126,17,44,497,215,99,4,40,88,91,610,7,56,194,13,199,36,209,6,58,230,66,273,107,8,263,28,70,239,42,465,6,630,97,26,6,176,82,54,104,91,18,88,21,111,749,73,18,14,88,18,85,32,47,60,83,151,23,7,7
Chanthaburi,4,56,319,2068,2,90,1060,445,267,34,35,25,118,0,35,146,42,178,25,47,93,44,124,8,63,19,27,767,10,27,372,18,318,24,93,2,131,248,31,250,51,4,90,23,59,35,116,608,4,23,166,41,7,762,76,38,167,154,98,47,20,124,957,163,42,38,22,10,37,15,292,82,73,30,27,4,12
Krabi,1,10,122,1188,2,13,155,42,387,6,11,42,110,35,0,46,12,72,8,13,34,24,85,4,14,50,14,166,2,10,77,9,74,72,32,11,19,84,9,104,906,63,31,255,24,17,7,134,20,11,79,10,14,43,13,338,55,41,12,340,9,24,341,37,6,2,22,67,11,157,28,14,23,14,7,11,2
Khon Kaen,30,29,245,2006,49,195,665,177,345,22,233,31,140,146,46,0,42,145,336,304,100,58,106,74,1119,18,34,682,92,372,1043,93,235,44,85,8,111,222,22,263,59,9,158,33,176,58,105,612,7,36,86,483,7,275,44,55,110,106,31,57,187,87,753,260,86,130,41,11,39,15,61,335,891,63,15,13,78
Kamphaeng Phet,0,31,159,480,0,18,174,61,301,57,8,8,75,42,12,42,0,46,4,15,210,90,53,2,10,8,19,176,2,9,82,6,64,9,233,2,29,74,34,74,13,4,161,6,37,31,13,178,3,41,34,9,3,67,73,14,40,29,5,8,8,53,176,53,5,5,59,2,158,5,9,10,14,33,36,6,3
Kanchanaburi,5,66,420,2848,6,53,796,252,360,43,28,34,126,178,72,145,46,0,20,48,113,58,142,15,43,33,36,1177,14,43,384,14,936,35,114,5,164,465,25,475,79,12,111,21,78,44,64,837,7,29,595,46,10,227,74,71,308,242,30,76,15,280,1156,170,43,22,38,18,47,20,73,49,66,24,30,9,12
Kalasin,7,5,51,260,7,33,105,34,36,7,20,8,17,25,8,336,4,20,0,36,11,10,23,33,304,3,6,82,6,27,145,38,25,4,12,1,22,35,3,48,7,1,18,7,21,13,14,75,1,6,12,138,3,46,8,6,28,18,4,8,62,14,98,47,13,19,4,4,5,3,9,40,83,8,4,1,21
Loei Province,12,7,65,511,18,29,170,35,92,6,45,12,44,47,13,304,15,48,36,0,36,25,36,12,111,4,22,185,50,95,154,18,69,14,31,1,27,62,6,90,21,4,92,13,129,23,25,137,2,12,22,47,5,65,14,23,33,26,11,19,46,30,190,49,20,16,13,6,12,4,27,55,202,25,2,4,16
Lampang,3,40,278,1306,2,44,428,128,1718,71,26,21,497,93,34,100,210,113,11,36,0,471,93,4,37,45,89,461,8,25,177,8,149,23,283,2,51,175,52,197,51,4,247,15,90,284,30,411,3,239,76,26,9,144,113,26,84,84,14,49,13,108,490,88,13,12,107,9,235,11,35,35,57,147,24,5,7
Lamphun,2,21,136,595,2,27,204,64,1173,36,15,11,215,44,24,58,90,58,10,25,471,0,40,2,25,45,43,215,4,18,91,8,79,12,136,1,30,90,27,95,23,2,107,7,44,107,17,185,2,77,44,15,2,63,55,17,46,44,8,27,7,54,225,46,10,9,48,7,102,7,18,20,36,62,16,3,8
Lopburi Province,4,95,483,1479,4,41,558,176,258,61,46,21,99,124,85,106,53,142,23,36,93,40,0,5,41,25,21,580,8,20,285,7,202,17,155,5,121,165,48,185,106,3,110,30,132,45,53,582,4,24,81,30,7,161,193,46,102,97,29,88,11,116,582,375,20,17,43,12,39,16,60,41,51,45,48,6,8
Mukdahan,16,2,12,101,2,18,39,14,13,2,9,1,4,8,4,74,2,15,33,12,4,2,5,0,53,2,1,38,3,9,54,41,8,2,5,0,8,16,1,18,1,0,7,1,6,3,5,32,1,1,9,46,1,12,0,1,13,7,2,3,30,8,42,19,7,14,1,1,3,0,6,55,18,3,2,1,25
Maha Sarakham,17,17,109,738,15,147,259,69,105,9,66,6,40,63,14,1119,10,43,304,111,37,25,41,53,0,8,14,213,27,108,438,61,57,8,20,1,40,98,9,115,17,3,60,6,80,24,47,221,1,17,24,493,2,124,16,11,63,38,17,12,77,29,259,118,44,64,17,4,10,2,20,158,263,26,8,2,66
Mae Hong Son,0,4,38,308,0,4,71,16,363,7,8,8,88,19,50,18,8,33,3,4,45,45,25,2,8,0,14,72,3,9,26,3,31,4,15,1,11,37,5,43,28,1,30,13,14,21,5,57,2,14,21,6,3,29,7,11,18,20,4,40,6,18,90,15,2,5,21,6,27,3,13,6,12,12,5,4,3
Nan,0,8,52,425,2,19,113,34,222,15,8,2,91,27,14,34,19,36,6,22,89,43,21,1,14,14,0,145,2,9,58,1,48,8,47,1,17,46,13,53,18,2,85,7,33,151,9,117,2,58,25,7,6,37,16,15,34,27,4,21,6,28,153,27,7,3,21,5,25,12,12,13,19,55,9,3,3
Nonthaburi,25,297,2074,14900,31,272,3776,1241,1435,188,131,142,610,767,166,682,176,1177,82,185,461,215,580,38,213,72,145,0,31,159,1760,75,2798,164,521,19,778,1996,148,2094,288,37,482,99,308,210,283,5331,36,163,989,178,38,1117,381,282,1089,1037,119,281,97,774,5964,973,123,115,141,61,173,84,256,316,345,142,125,30,50
Nong Bua Lam Phu,1,0,14,93,3,5,39,8,19,2,10,3,7,10,2,92,2,14,6,50,8,4,8,3,27,3,2,31,0,45,30,8,10,1,5,0,3,12,2,14,5,0,13,2,12,5,6,25,1,3,6,13,3,10,4,1,10,8,4,4,12,3,28,9,2,5,4,1,1,0,3,5,142,5,3,1,4
Nong Khai,6,8,51,469,58,22,163,36,95,8,32,7,56,27,10,372,9,43,27,95,25,18,20,9,108,9,9,159,45,0,190,29,75,9,18,2,24,58,5,53,26,1,28,14,29,12,24,163,3,10,28,40,3,60,12,13,25,29,5,11,56,25,200,54,11,17,10,4,8,0,13,32,727,8,5,6,12
Nakhon Ratchasima,28,97,867,4460,32,488,1533,497,513,74,265,58,194,372,77,1043,82,384,145,154,177,91,285,54,438,26,58,1760,30,190,0,73,587,47,180,7,338,585,39,686,110,12,179,39,168,72,320,1621,4,43,283,274,15,482,137,101,316,289,69,115,97,249,1793,1008,193,150,60,27,69,21,129,322,379,56,60,12,57
Nakhon Phanom,8,6,34,219,21,15,74,29,33,5,11,7,13,18,9,93,6,14,38,18,8,8,7,41,61,3,1,75,8,29,73,0,23,8,10,0,21,25,3,25,5,0,11,3,12,3,11,64,1,3,14,28,4,24,5,4,18,12,7,7,128,14,88,24,14,14,6,1,7,2,10,45,72,3,5,2,12
Nakhon Pathom,6,129,714,5277,11,100,1490,498,492,80,44,76,199,318,74,235,64,936,25,69,149,79,202,8,57,31,48,2798,10,75,587,23,0,50,191,8,291,1141,43,1045,105,16,176,35,127,82,96,1624,12,64,1155,51,18,414,148,100,725,649,38,91,33,440,2187,353,42,51,51,28,78,29,90,87,114,63,59,16,23
Nakhon Si Thammarat,0,11,39,436,0,8,91,31,65,4,10,50,36,24,72,44,9,35,4,14,23,12,17,2,8,4,8,164,1,9,47,8,50,0,22,12,17,71,6,106,65,60,25,34,21,10,10,107,24,8,25,6,9,29,9,168,44,30,6,156,5,25,152,29,4,3,6,17,10,57,13,12,20,11,3,11,5
Nakhon Sawan,2,92,423,1316,3,34,459,174,477,206,24,22,209,93,32,85,233,114,12,31,283,136,155,5,20,15,47,521,5,18,180,10,191,22,0,2,75,218,190,207,36,2,336,16,116,141,36,549,3,116,73,24,10,168,233,28,103,97,27,41,16,159,520,116,19,9,77,6,148,11,21,27,38,108,149,6,8
Narathiwat,0,2,5,68,0,2,12,4,13,0,2,3,6,2,11,8,2,5,1,1,2,1,5,0,1,1,1,19,0,2,7,0,8,12,2,0,3,8,2,8,3,7,3,0,3,0,2,8,36,3,5,0,0,6,0,61,0,3,0,8,0,2,18,3,0,0,2,3,2,6,3,1,1,0,0,24,0
Nakhon Nayok,2,52,313,1885,5,49,577,271,166,31,31,29,58,131,19,111,29,164,22,27,51,30,121,8,40,11,17,778,3,24,338,21,291,17,75,3,0,233,21,255,42,7,53,14,44,25,211,940,5,25,126,31,6,194,50,37,154,139,44,35,16,93,813,244,23,18,16,6,30,12,40,46,47,17,12,4,11
Phetchaburi,8,91,598,4639,4,89,1174,411,550,77,40,126,230,248,84,222,74,465,35,62,175,90,165,16,98,37,46,1996,12,58,585,25,1141,71,218,8,233,0,47,2736,116,19,194,51,98,93,104,1363,17,77,755,70,21,359,133,105,1076,760,46,150,37,309,1990,318,46,39,46,31,76,32,83,119,113,67,50,9,18
Phichit,1,28,107,340,0,11,118,59,107,45,11,11,66,31,9,22,34,25,3,6,52,27,48,1,9,5,13,148,2,5,39,3,43,6,190,2,21,47,0,54,3,2,238,2,65,62,6,150,4,46,12,5,1,45,70,8,18,29,9,12,7,29,142,28,5,3,35,3,23,2,5,8,14,59,33,3,2
Prachuap Khiri Khan,11,93,680,4880,6,99,1226,397,609,73,47,183,273,250,104,263,74,475,48,90,197,95,185,18,115,43,53,2094,14,53,686,25,1045,106,207,8,255,2736,54,0,174,36,196,72,132,95,101,1391,20,81,648,78,24,394,127,155,888,683,51,189,43,295,2103,334,45,42,46,33,83,43,90,130,127,74,42,16,22
Phuket,1,9,146,1397,1,22,272,46,315,8,7,47,107,51,906,59,13,79,7,21,51,23,106,1,17,28,18,288,5,26,110,5,105,65,36,3,42,116,3,174,0,32,39,482,26,11,18,195,10,11,84,10,18,68,16,155,69,52,13,261,9,37,544,38,11,7,17,31,17,55,28,22,57,14,10,6,2
Phatthalung,0,1,9,123,0,2,35,7,13,1,4,19,8,4,63,9,4,12,1,4,4,2,3,0,3,1,2,37,0,1,12,0,16,60,2,7,7,19,2,36,32,0,9,16,11,2,2,22,15,0,8,2,4,9,2,173,16,7,0,37,1,1,40,6,1,0,1,10,2,70,3,4,5,0,0,11,0
Phitsanulok,2,50,297,1202,1,51,408,129,496,87,38,19,263,90,31,158,161,111,18,92,247,107,110,7,60,30,85,482,13,28,179,11,176,25,336,3,53,194,238,196,39,9,0,15,301,249,25,402,4,147,82,28,9,132,131,39,89,77,19,35,17,101,464,102,19,16,248,5,129,11,35,45,72,254,53,6,13
Phang Nga,1,5,46,364,1,4,74,14,72,4,7,31,28,23,255,33,6,21,7,13,15,7,30,1,6,13,7,99,2,14,39,3,35,34,16,0,14,51,2,72,482,16,15,0,11,6,8,55,7,8,22,7,16,23,7,57,31,26,2,99,4,13,164,18,4,3,8,17,10,29,9,6,20,6,9,3,2
Phetchabun,4,29,162,764,3,32,274,96,181,27,49,17,70,59,24,176,37,78,21,129,90,44,132,6,80,14,33,308,12,29,168,12,127,21,116,3,44,98,65,132,26,11,301,11,0,50,31,242,5,43,60,50,6,87,52,27,62,55,16,27,15,61,303,135,18,13,48,6,33,13,22,41,61,59,25,6,12
Phrae,3,27,146,550,0,20,193,58,473,33,14,11,239,35,17,58,31,44,13,23,284,107,45,3,24,21,151,210,5,12,72,3,82,10,141,0,25,93,62,95,11,2,249,6,50,0,8,199,1,157,33,14,6,55,59,6,38,42,6,23,11,48,208,36,9,8,54,3,49,7,17,15,28,188,8,1,7
Prachinburi,2,18,118,731,3,58,414,230,86,17,20,9,42,116,7,105,13,64,14,25,30,17,53,5,47,5,9,283,6,24,320,11,96,10,36,2,211,104,6,101,18,2,25,8,31,8,0,285,2,10,43,26,3,148,25,16,69,45,77,13,11,36,330,99,28,20,4,5,14,2,30,46,50,8,14,5,6
Pathum Thani,16,352,2292,11267,26,236,3181,1067,1042,197,141,101,465,608,134,612,178,837,75,137,411,185,582,32,221,57,117,5331,25,163,1621,64,1624,107,549,8,940,1363,150,1391,195,22,402,55,242,199,285,0,20,140,601,151,25,971,389,187,774,701,97,186,72,544,4317,1001,121,108,106,36,166,62,196,280,283,141,125,25,36
Pattani,0,0,9,104,0,4,16,4,20,1,3,10,6,4,20,7,3,7,1,2,3,2,4,1,1,2,2,36,1,3,4,1,12,24,3,36,5,17,4,20,10,15,4,7,5,1,2,20,0,2,5,1,1,7,0,137,8,8,1,15,3,5,40,3,2,1,3,12,2,17,2,4,5,1,1,57,2
Phayao,1,26,100,449,1,13,159,53,454,32,10,13,630,23,11,36,41,29,6,12,239,77,24,1,17,14,58,163,3,10,43,3,64,8,116,3,25,77,46,81,11,0,147,8,43,157,10,140,2,0,29,13,3,53,48,16,30,31,7,13,7,42,159,31,7,3,45,4,48,8,12,17,20,84,12,2,2
Ratchaburi,6,44,320,2516,3,39,650,193,254,38,23,38,97,166,79,86,34,595,12,22,76,44,81,9,24,21,25,989,6,28,283,14,1155,25,73,5,126,755,12,648,84,8,82,22,60,33,43,601,5,29,0,25,9,180,44,51,728,352,17,52,17,170,931,140,31,20,17,21,40,15,43,37,54,22,23,7,7
Roi Et,24,14,86,541,6,84,196,56,72,11,35,7,26,41,10,483,9,46,138,47,26,15,30,46,493,6,7,178,13,40,274,28,51,6,24,0,31,70,5,78,10,2,28,7,50,14,26,151,1,13,25,0,3,78,13,15,41,37,15,13,40,25,199,82,42,62,7,4,11,2,23,172,99,15,9,2,101
Ranong,1,2,16,111,0,5,21,9,17,2,2,27,6,7,14,7,3,10,3,5,9,2,7,1,2,3,6,38,3,3,15,4,18,9,10,0,6,21,1,24,18,4,9,16,6,6,3,25,1,3,9,3,0,8,1,15,13,11,4,24,3,6,34,6,2,3,7,4,5,5,4,6,5,3,2,2,4
Rayong,7,77,460,3102,5,101,1909,649,424,58,65,37,176,762,43,275,67,227,46,65,144,63,161,12,124,29,37,1117,10,60,482,24,414,29,168,6,194,359,45,394,68,9,132,23,87,55,148,971,7,53,180,78,8,0,102,53,214,207,83,68,25,156,1459,222,48,39,26,13,56,29,201,118,117,49,41,8,17
Sing Buri,2,155,408,807,1,21,298,144,159,118,16,11,82,76,13,44,73,74,8,14,113,55,193,0,16,7,16,381,4,12,137,5,148,9,233,0,50,133,70,127,16,2,131,7,52,59,25,389,0,48,44,13,1,102,0,12,79,80,21,20,3,113,389,125,17,4,30,2,54,5,18,14,24,50,52,2,2
Songkhla,1,10,80,879,1,19,159,54,150,8,9,56,54,38,338,55,14,71,6,23,26,17,46,1,11,11,15,282,1,13,101,4,100,168,28,61,37,105,8,155,155,173,39,57,27,6,16,187,137,16,51,15,15,53,12,0,60,46,8,141,8,24,316,44,7,3,10,280,15,160,18,28,39,13,6,93,4
Samut Songkhram,3,58,394,2468,2,46,692,253,269,46,19,69,104,167,55,110,40,308,28,33,84,46,102,13,63,18,34,1089,10,25,316,18,725,44,103,0,154,1076,18,888,69,16,89,31,62,38,69,774,8,30,728,41,13,214,79,60,0,626,32,78,18,156,1173,197,34,18,27,20,38,23,41,58,52,26,27,5,15
Samut Sakhon,1,64,360,2207,5,50,667,235,217,48,20,50,91,154,41,106,29,242,18,26,84,44,97,7,38,20,27,1037,8,29,289,12,649,30,97,3,139,760,29,683,52,7,77,26,55,42,45,701,8,31,352,37,11,207,80,46,626,0,29,59,15,142,1172,196,21,15,18,15,34,17,42,50,57,33,23,7,10
Sa Kaeo,3,8,56,326,1,44,160,102,41,8,9,5,18,98,12,31,5,30,4,11,14,8,29,2,17,4,4,119,4,5,69,7,38,6,27,0,44,46,9,51,13,0,19,2,16,6,77,97,1,7,17,15,4,83,21,8,32,29,0,10,9,18,154,41,17,14,8,2,10,6,28,26,9,3,7,2,3
Surat Thani,0,15,140,1223,3,21,212,59,315,13,12,132,88,47,340,57,8,76,8,19,49,27,88,3,12,40,21,281,4,11,115,7,91,156,41,8,35,150,12,189,261,37,35,99,27,23,13,186,15,13,52,13,24,68,20,141,78,59,10,0,7,34,392,50,15,7,20,31,24,51,30,21,30,18,9,11,4
Sakon Nakhon,9,4,23,244,36,16,76,22,53,3,14,6,21,20,9,187,8,15,62,46,13,7,11,30,77,6,6,97,12,56,97,128,33,5,16,0,16,37,7,43,9,1,17,4,15,11,11,72,3,7,17,40,3,25,3,8,18,15,9,7,0,13,104,23,11,17,8,3,7,5,11,38,186,6,8,3,6
Suphan Buri,3,136,436,1519,5,35,474,179,225,109,21,21,111,124,24,87,53,280,14,30,108,54,116,8,29,18,28,774,3,25,249,14,440,25,159,2,93,309,29,295,37,1,101,13,61,48,36,544,5,42,170,25,6,156,113,24,156,142,18,34,13,0,613,118,19,6,25,5,54,15,39,33,44,36,55,5,8
Samut Prakan,31,263,1959,17728,21,270,5374,1732,1741,183,142,137,749,957,341,753,176,1156,98,190,490,225,582,42,259,90,153,5964,28,200,1793,88,2187,152,520,18,813,1990,142,2103,544,40,464,164,303,208,330,4317,40,159,931,199,34,1459,389,316,1173,1172,154,392,104,613,0,965,130,146,139,93,197,84,326,393,403,162,105,28,61
Saraburi,6,82,702,2094,10,134,733,309,219,53,67,33,73,163,37,260,53,170,47,49,88,46,375,19,118,15,27,973,9,54,1008,24,353,29,116,3,244,318,28,334,38,6,102,18,135,36,99,1001,3,31,140,82,6,222,125,44,197,196,41,50,23,118,965,0,62,55,28,9,48,12,47,94,103,27,34,5,20
Surin,8,6,62,348,1,175,134,47,37,9,23,6,18,42,6,86,5,43,13,20,13,10,20,7,44,2,7,123,2,11,193,14,42,4,19,0,23,46,5,45,11,1,19,4,18,9,28,121,2,7,31,42,2,48,17,7,34,21,17,15,11,19,130,62,0,122,8,4,9,3,19,154,19,4,5,2,18
Sisaket,17,3,40,377,4,94,122,33,34,4,23,1,14,38,2,130,5,22,19,16,12,9,17,14,64,5,3,115,5,17,150,14,51,3,9,0,18,39,3,42,7,0,16,3,13,8,20,108,1,3,20,62,3,39,4,3,18,15,14,7,17,6,146,55,122,0,7,1,4,2,16,445,25,5,2,1,35
Sukhothai,1,12,87,363,3,17,128,36,211,14,13,7,88,22,22,41,59,38,4,13,107,48,43,1,17,21,21,141,4,10,60,6,51,6,77,2,16,46,35,46,17,1,248,8,48,54,4,106,3,45,17,7,7,26,30,10,27,18,8,20,8,25,139,28,8,7,0,6,52,2,11,12,26,75,13,3,3
Satun,0,4,29,215,0,4,52,18,46,3,4,9,18,10,67,11,2,18,4,6,9,7,12,1,4,6,5,61,1,4,27,1,28,17,6,3,6,31,3,33,31,10,5,17,6,3,5,36,12,4,21,4,4,13,2,280,20,15,2,31,3,5,93,9,4,1,6,0,4,30,13,6,6,2,4,14,1
Tak,0,26,122,447,1,8,173,58,343,43,9,14,85,37,11,39,158,47,5,12,235,102,39,3,10,27,25,173,1,8,69,7,78,10,148,2,30,76,23,83,17,2,129,10,33,49,14,166,2,48,40,11,5,56,54,15,38,34,10,24,7,54,197,48,9,4,52,4,0,5,17,10,16,35,23,4,4
Trang,0,4,26,240,1,5,49,20,54,3,5,18,32,15,157,15,5,20,3,4,11,7,16,0,2,3,12,84,0,0,21,2,29,57,11,6,12,32,2,43,55,70,11,29,13,7,2,62,17,8,15,2,5,29,5,160,23,17,6,51,5,15,84,12,3,2,2,30,5,0,10,4,6,2,4,9,0
Trat,1,21,102,802,2,37,332,108,127,10,15,10,47,292,28,61,9,73,9,27,35,18,60,6,20,13,12,256,3,13,129,10,90,13,21,3,40,83,5,90,28,3,35,9,22,17,30,196,2,12,43,23,4,201,18,18,41,42,28,30,11,39,326,47,19,16,11,13,17,10,0,36,31,11,5,4,3
Ubon Ratchathani,88,10,97,1054,8,160,330,78,112,9,35,12,60,82,14,335,10,49,40,55,35,20,41,55,158,6,13,316,5,32,322,45,87,12,27,1,46,119,8,130,22,4,45,6,41,15,46,280,4,17,37,172,6,118,14,28,58,50,26,21,38,33,393,94,154,445,12,6,10,4,36,0,73,16,4,7,122
Udon Thani,7,11,110,1017,70,45,340,75,201,12,49,18,83,73,23,891,14,66,83,202,57,36,51,18,263,12,19,345,142,727,379,72,114,20,38,1,47,113,14,127,57,5,72,20,61,28,50,283,5,20,54,99,5,117,24,39,52,57,9,30,186,44,403,103,19,25,26,6,16,6,31,73,0,23,9,8,16
Uttaradit,2,26,108,382,2,12,142,42,248,29,13,14,151,30,14,63,33,24,8,25,147,62,45,3,26,12,55,142,5,8,56,3,63,11,108,0,17,67,59,74,14,0,254,6,59,188,8,141,1,84,22,15,3,49,50,13,26,33,3,18,6,36,162,27,4,5,75,2,35,2,11,16,23,0,10,3,6
Uthai Thani,0,35,110,309,3,8,104,32,49,67,6,5,23,27,7,15,36,30,4,2,24,16,48,2,8,5,9,125,3,5,60,5,59,3,149,0,12,50,33,42,10,0,53,9,25,8,14,125,1,12,23,9,2,41,52,6,27,23,7,9,8,55,105,34,5,2,13,4,23,4,5,4,9,10,0,1,2
Yala,0,2,11,79,0,2,22,5,24,3,3,5,7,4,11,13,6,9,1,4,5,3,6,1,2,4,3,30,1,6,12,2,16,11,6,24,4,9,3,16,6,11,6,3,6,1,5,25,57,2,7,2,2,8,2,93,5,7,2,11,3,5,28,5,2,1,3,14,4,9,4,7,8,3,1,0,1
Yasothon,18,3,20,122,2,30,44,16,17,3,10,2,7,12,2,78,3,12,21,16,7,8,8,25,66,3,3,50,4,12,57,12,23,5,8,0,11,18,2,22,2,0,13,2,12,7,6,36,2,2,7,101,4,17,2,4,15,10,3,4,6,8,61,20,18,35,3,1,4,0,3,122,16,6,2,1,0
